monday,tuesday,wednesday,thursday,friday,saturday,sunday,start_date,end_date,service_id
0,0,0,0,0,0,1,20251026,20251102,118
0,0,0,0,0,0,1,20251026,20251102,59
0,0,0,0,0,0,1,20251026,20251102,73
0,0,0,0,0,0,1,20251026,20251102,84
0,0,0,0,0,0,1,20251026,20251102,968
0,0,0,0,0,0,1,20251026,20251103,62
0,0,0,0,0,0,1,20251026,20251105,77
0,0,0,0,0,0,1,20251026,20251106,22
0,0,0,0,0,0,1,20251026,20251109,1079
0,0,0,0,0,0,1,20251026,20251109,11
0,0,0,0,0,0,1,20251026,20251109,323
0,0,0,0,0,0,1,20251026,20251109,360
0,0,0,0,0,0,1,20251026,20251109,570
0,0,0,0,0,0,1,20251026,20251116,713
0,0,0,0,0,0,1,20251026,20251116,74
0,0,0,0,0,0,1,20251026,20251116,813
0,0,0,0,0,0,1,20251026,20251123,1081
0,0,0,0,0,0,1,20251026,20251123,124
0,0,0,0,0,0,1,20251026,20251123,220
0,0,0,0,0,0,1,20251026,20251123,452
0,0,0,0,0,0,1,20251026,20251123,508
0,0,0,0,0,0,1,20251026,20251123,569
0,0,0,0,0,0,1,20251026,20251123,616
0,0,0,0,0,0,1,20251026,20251123,67
0,0,0,0,0,0,1,20251031,20251102,232
0,0,0,0,0,0,1,20251031,20251109,545
0,0,0,0,0,0,1,20251101,20251102,23
0,0,0,0,0,0,1,20251101,20251102,919
0,0,0,0,0,0,1,20251101,20251123,778
0,0,0,0,0,0,1,20251102,20251109,332
0,0,0,0,0,0,1,20251102,20251123,217
0,0,0,0,0,0,1,20251102,20251123,227
0,0,0,0,0,0,1,20251102,20251123,633
0,0,0,0,0,0,1,20251109,20251123,561
0,0,0,0,0,0,1,20251114,20251123,731
0,0,0,0,0,0,1,20251116,20251123,260
0,0,0,0,0,1,0,20251029,20251123,221
0,0,0,0,0,1,0,20251031,20251108,966
0,0,0,0,0,1,0,20251031,20251115,573
0,0,0,0,0,1,0,20251101,20251108,583
0,0,0,0,0,1,0,20251101,20251109,366
0,0,0,0,0,1,0,20251101,20251109,548
0,0,0,0,0,1,0,20251101,20251110,723
0,0,0,0,0,1,0,20251101,20251111,17
0,0,0,0,0,1,0,20251101,20251115,187
0,0,0,0,0,1,0,20251101,20251115,743
0,0,0,0,0,1,0,20251101,20251119,198
0,0,0,0,0,1,0,20251101,20251122,1094
0,0,0,0,0,1,0,20251101,20251122,614
0,0,0,0,0,1,0,20251101,20251122,634
0,0,0,0,0,1,0,20251101,20251122,963
0,0,0,0,0,1,0,20251101,20251122,992
0,0,0,0,0,1,0,20251101,20251123,1073
0,0,0,0,0,1,0,20251101,20251123,695
0,0,0,0,0,1,0,20251108,20251115,496
0,0,0,0,0,1,0,20251108,20251116,151
0,0,0,0,0,1,0,20251108,20251122,1102
0,0,0,0,0,1,0,20251108,20251122,327
0,0,0,0,0,1,0,20251114,20251122,784
0,0,0,0,0,1,0,20251115,20251122,540
0,0,0,0,0,1,1,20251026,20251101,639
0,0,0,0,0,1,1,20251026,20251102,910
0,0,0,0,0,1,1,20251026,20251108,1086
0,0,0,0,0,1,1,20251026,20251108,178
0,0,0,0,0,1,1,20251026,20251108,864
0,0,0,0,0,1,1,20251026,20251109,185
0,0,0,0,0,1,1,20251026,20251109,6
0,0,0,0,0,1,1,20251026,20251109,988
0,0,0,0,0,1,1,20251026,20251116,236
0,0,0,0,0,1,1,20251026,20251116,375
0,0,0,0,0,1,1,20251026,20251122,39
0,0,0,0,0,1,1,20251026,20251123,112
0,0,0,0,0,1,1,20251026,20251123,814
0,0,0,0,0,1,1,20251026,20251123,900
0,0,0,0,0,1,1,20251026,20251123,907
0,0,0,0,0,1,1,20251026,20251123,921
0,0,0,0,0,1,1,20251101,20251102,517
0,0,0,0,0,1,1,20251101,20251108,7
0,0,0,0,0,1,1,20251101,20251109,348
0,0,0,0,0,1,1,20251101,20251123,12
0,0,0,0,0,1,1,20251101,20251123,144
0,0,0,0,0,1,1,20251101,20251123,267
0,0,0,0,0,1,1,20251101,20251123,444
0,0,0,0,0,1,1,20251101,20251123,935
0,0,0,0,0,1,1,20251102,20251108,672
0,0,0,0,0,1,1,20251102,20251109,285
0,0,0,0,0,1,1,20251102,20251114,287
0,0,0,0,0,1,1,20251102,20251123,237
0,0,0,0,0,1,1,20251102,20251123,755
0,0,0,0,0,1,1,20251102,20251123,959
0,0,0,0,0,1,1,20251108,20251109,857
0,0,0,0,0,1,1,20251108,20251116,956
0,0,0,0,0,1,1,20251108,20251123,1055
0,0,0,0,0,1,1,20251108,20251123,584
0,0,0,0,0,1,1,20251108,20251123,781
0,0,0,0,0,1,1,20251108,20251123,841
0,0,0,0,0,1,1,20251109,20251115,90
0,0,0,0,0,1,1,20251113,20251123,387
0,0,0,0,0,1,1,20251115,20251116,924
0,0,0,0,0,1,1,20251115,20251123,354
0,0,0,0,0,1,1,20251115,20251123,564
0,0,0,0,0,1,1,20251116,20251123,899
0,0,0,0,0,1,1,20251122,20251123,47
0,0,0,0,0,1,1,20251122,20251123,832
0,0,0,0,1,0,0,20251026,20251107,544
0,0,0,0,1,0,0,20251027,20251117,235
0,0,0,0,1,0,0,20251031,20251107,595
0,0,0,0,1,0,0,20251031,20251114,757
0,0,0,0,1,0,0,20251031,20251121,350
0,0,0,0,1,0,0,20251031,20251121,388
0,0,0,0,1,0,0,20251031,20251121,878
0,0,0,0,1,0,0,20251031,20251121,920
0,0,0,0,1,0,0,20251107,20251114,537
0,0,0,0,1,0,0,20251107,20251121,682
0,0,0,0,1,0,0,20251107,20251121,969
0,0,0,0,1,0,0,20251114,20251121,172
0,0,0,0,1,0,0,20251114,20251125,875
0,0,0,0,1,0,1,20251026,20251031,535
0,0,0,0,1,0,1,20251026,20251031,555
0,0,0,0,1,0,1,20251026,20251031,653
0,0,0,0,1,0,1,20251026,20251102,663
0,0,0,0,1,0,1,20251026,20251107,356
0,0,0,0,1,0,1,20251026,20251109,457
0,0,0,0,1,0,1,20251026,20251109,472
0,0,0,0,1,0,1,20251026,20251114,147
0,0,0,0,1,0,1,20251026,20251123,282
0,0,0,0,1,0,1,20251026,20251123,416
0,0,0,0,1,0,1,20251031,20251102,415
0,0,0,0,1,0,1,20251031,20251107,1084
0,0,0,0,1,0,1,20251031,20251109,374
0,0,0,0,1,0,1,20251031,20251112,1135
0,0,0,0,1,0,1,20251031,20251123,652
0,0,0,0,1,0,1,20251101,20251109,505
0,0,0,0,1,0,1,20251102,20251109,1013
0,0,0,0,1,0,1,20251107,20251109,704
0,0,0,0,1,0,1,20251107,20251123,997
0,0,0,0,1,0,1,20251109,20251114,418
0,0,0,0,1,0,1,20251114,20251116,294
0,0,0,0,1,0,1,20251116,20251121,351
0,0,0,0,1,0,1,20251116,20251123,476
0,0,0,0,1,0,1,20251121,20251123,699
0,0,0,0,1,1,0,20251031,20251101,209
0,0,0,0,1,1,0,20251031,20251101,371
0,0,0,0,1,1,0,20251031,20251122,65
0,0,0,0,1,1,0,20251101,20251122,974
0,0,0,0,1,1,0,20251107,20251108,102
0,0,0,0,1,1,0,20251107,20251108,421
0,0,0,0,1,1,0,20251107,20251109,114
0,0,0,0,1,1,0,20251107,20251122,330
0,0,0,0,1,1,0,20251108,20251114,225
0,0,0,0,1,1,0,20251113,20251125,1128
0,0,0,0,1,1,0,20251114,20251115,203
0,0,0,0,1,1,0,20251114,20251116,89
0,0,0,0,1,1,0,20251114,20251121,601
0,0,0,0,1,1,0,20251114,20251122,809
0,0,0,0,1,1,0,20251115,20251122,337
0,0,0,0,1,1,0,20251121,20251122,1075
0,0,0,0,1,1,0,20251121,20251122,57
0,0,0,0,1,1,1,20251026,20251101,5
0,0,0,0,1,1,1,20251026,20251102,362
0,0,0,0,1,1,1,20251026,20251122,681
0,0,0,0,1,1,1,20251026,20251123,243
0,0,0,0,1,1,1,20251031,20251102,822
0,0,0,0,1,1,1,20251031,20251109,257
0,0,0,0,1,1,1,20251101,20251109,1122
0,0,0,0,1,1,1,20251102,20251109,938
0,0,0,0,1,1,1,20251102,20251114,579
0,0,0,0,1,1,1,20251107,20251109,139
0,0,0,0,1,1,1,20251107,20251123,559
0,0,0,0,1,1,1,20251108,20251114,775
0,0,0,0,1,1,1,20251108,20251121,497
0,0,0,0,1,1,1,20251109,20251116,591
0,0,0,0,1,1,1,20251114,20251116,706
0,0,0,0,1,1,1,20251114,20251123,333
0,0,0,0,1,1,1,20251114,20251125,950
0,0,0,0,1,1,1,20251115,20251123,664
0,0,0,0,1,1,1,20251121,20251123,1071
0,0,0,1,0,0,0,20251030,20251106,563
0,0,0,1,0,0,0,20251030,20251120,1061
0,0,0,1,0,0,0,20251030,20251120,609
0,0,0,1,0,0,0,20251106,20251113,182
0,0,0,1,0,0,0,20251106,20251120,556
0,0,0,1,0,0,1,20251026,20251030,513
0,0,0,1,0,0,1,20251026,20251102,288
0,0,0,1,0,0,1,20251106,20251109,558
0,0,0,1,0,0,1,20251113,20251116,692
0,0,0,1,0,1,0,20251101,20251106,222
0,0,0,1,0,1,0,20251101,20251108,245
0,0,0,1,0,1,0,20251108,20251113,902
0,0,0,1,0,1,0,20251120,20251122,596
0,0,0,1,0,1,1,20251108,20251113,730
0,0,0,1,1,0,0,20251030,20251031,557
0,0,0,1,1,0,0,20251031,20251106,719
0,0,0,1,1,0,0,20251031,20251114,93
0,0,0,1,1,0,0,20251031,20251125,688
0,0,0,1,1,0,0,20251106,20251107,945
0,0,0,1,1,0,0,20251113,20251114,319
0,0,0,1,1,0,0,20251113,20251114,581
0,0,0,1,1,0,0,20251113,20251117,303
0,0,0,1,1,0,0,20251120,20251121,183
0,0,0,1,1,0,1,20251026,20251031,1016
0,0,0,1,1,0,1,20251026,20251114,769
0,0,0,1,1,0,1,20251031,20251109,868
0,0,0,1,1,0,1,20251102,20251107,509
0,0,0,1,1,0,1,20251102,20251109,827
0,0,0,1,1,0,1,20251102,20251123,204
0,0,0,1,1,0,1,20251114,20251123,1036
0,0,0,1,1,1,0,20251030,20251101,996
0,0,0,1,1,1,0,20251030,20251108,1009
0,0,0,1,1,1,0,20251030,20251113,925
0,0,0,1,1,1,0,20251030,20251114,127
0,0,0,1,1,1,0,20251101,20251113,45
0,0,0,1,1,1,0,20251120,20251122,301
0,0,0,1,1,1,0,20251120,20251122,97
0,0,0,1,1,1,0,20251122,20251125,196
0,0,0,1,1,1,1,20251026,20251108,361
0,0,0,1,1,1,1,20251102,20251110,1043
0,0,0,1,1,1,1,20251102,20251113,753
0,0,0,1,1,1,1,20251106,20251109,714
0,0,0,1,1,1,1,20251107,20251113,833
0,0,0,1,1,1,1,20251120,20251122,162
0,0,0,1,1,1,1,20251120,20251123,311
0,0,0,1,1,1,1,20251122,20251125,424
0,0,1,0,0,0,1,20251026,20251029,417
0,0,1,0,0,0,1,20251102,20251105,130
0,0,1,0,0,0,1,20251109,20251117,103
0,0,1,0,0,1,0,20251101,20251105,48
0,0,1,0,0,1,1,20251029,20251102,732
0,0,1,0,0,1,1,20251105,20251109,163
0,0,1,0,1,0,0,20251029,20251031,506
0,0,1,0,1,0,0,20251031,20251105,552
0,0,1,0,1,0,0,20251105,20251121,971
0,0,1,0,1,0,0,20251107,20251112,246
0,0,1,0,1,0,0,20251114,20251121,792
0,0,1,0,1,0,0,20251119,20251121,923
0,0,1,1,0,0,0,20251029,20251030,35
0,0,1,1,0,0,0,20251105,20251106,414
0,0,1,1,0,0,0,20251119,20251120,402
0,0,1,1,1,0,0,20251029,20251031,1089
0,0,1,1,1,0,0,20251029,20251031,523
0,0,1,1,1,0,0,20251103,20251116,751
0,0,1,1,1,0,0,20251104,20251114,474
0,0,1,1,1,0,0,20251105,20251107,40
0,0,1,1,1,0,0,20251112,20251114,1119
0,0,1,1,1,0,0,20251119,20251121,312
0,0,1,1,1,0,0,20251119,20251121,547
0,0,1,1,1,1,0,20251105,20251108,734
0,0,1,1,1,1,0,20251119,20251125,788
0,0,1,1,1,1,0,20251122,20251125,137
0,0,1,1,1,1,1,20251029,20251114,631
0,0,1,1,1,1,1,20251117,20251125,725
0,0,1,1,1,1,1,20251119,20251123,782
0,1,0,0,0,0,1,20251109,20251111,862
0,1,0,0,0,0,1,20251118,20251123,1095
0,1,0,0,0,0,1,20251123,20251125,901
0,1,0,0,0,1,0,20251028,20251105,553
0,1,0,0,0,1,0,20251101,20251104,467
0,1,0,0,0,1,0,20251111,20251115,125
0,1,0,0,0,1,0,20251115,20251118,1098
0,1,0,0,0,1,1,20251028,20251102,115
0,1,0,0,0,1,1,20251108,20251111,295
0,1,0,0,0,1,1,20251122,20251125,484
0,1,0,0,1,0,0,20251028,20251031,340
0,1,0,0,1,0,0,20251104,20251107,133
0,1,0,0,1,0,0,20251111,20251114,345
0,1,0,0,1,0,0,20251114,20251118,439
0,1,0,0,1,0,0,20251118,20251121,168
0,1,0,0,1,1,0,20251028,20251101,10
0,1,0,0,1,1,0,20251101,20251107,207
0,1,0,0,1,1,1,20251102,20251112,1020
0,1,0,0,1,1,1,20251114,20251118,982
0,1,0,1,0,0,0,20251104,20251106,1076
0,1,0,1,0,0,0,20251104,20251113,913
0,1,0,1,0,0,0,20251111,20251113,4
0,1,0,1,0,0,0,20251118,20251120,851
0,1,0,1,0,0,1,20251026,20251030,205
0,1,0,1,0,0,1,20251026,20251030,674
0,1,0,1,1,0,0,20251028,20251031,903
0,1,0,1,1,0,0,20251028,20251125,829
0,1,0,1,1,0,0,20251103,20251113,292
0,1,0,1,1,0,0,20251104,20251107,324
0,1,0,1,1,0,1,20251026,20251031,82
0,1,0,1,1,1,0,20251030,20251121,63
0,1,0,1,1,1,1,20251113,20251118,499
0,1,1,0,0,0,0,20251028,20251029,810
0,1,1,0,0,0,0,20251104,20251105,325
0,1,1,0,0,0,0,20251104,20251112,247
0,1,1,0,0,0,0,20251104,20251113,964
0,1,1,0,0,0,0,20251111,20251112,641
0,1,1,0,0,0,0,20251112,20251118,1140
0,1,1,0,0,0,0,20251118,20251119,612
0,1,1,0,0,0,1,20251026,20251102,689
0,1,1,0,0,1,0,20251101,20251105,646
0,1,1,0,1,0,0,20251104,20251107,213
0,1,1,0,1,0,0,20251104,20251107,229
0,1,1,0,1,1,0,20251031,20251105,368
0,1,1,1,0,0,0,20251027,20251107,271
0,1,1,1,0,0,0,20251027,20251107,406
0,1,1,1,0,0,0,20251028,20251030,939
0,1,1,1,0,0,0,20251028,20251113,840
0,1,1,1,0,0,0,20251102,20251113,412
0,1,1,1,0,0,0,20251103,20251125,869
0,1,1,1,0,0,0,20251104,20251106,580
0,1,1,1,0,0,0,20251104,20251106,599
0,1,1,1,0,0,0,20251105,20251113,269
0,1,1,1,0,0,0,20251111,20251113,228
0,1,1,1,0,0,0,20251111,20251113,929
0,1,1,1,0,0,0,20251118,20251120,442
0,1,1,1,0,0,0,20251124,20251125,501
0,1,1,1,0,0,1,20251026,20251102,518
0,1,1,1,0,0,1,20251026,20251125,717
0,1,1,1,0,0,1,20251111,20251116,673
0,1,1,1,0,1,0,20251028,20251113,602
0,1,1,1,0,1,0,20251111,20251115,140
0,1,1,1,0,1,0,20251118,20251122,1112
0,1,1,1,0,1,1,20251102,20251125,68
0,1,1,1,1,0,0,20251026,20251112,721
0,1,1,1,1,0,0,20251027,20251114,331
0,1,1,1,1,0,0,20251028,20251031,278
0,1,1,1,1,0,0,20251028,20251104,675
0,1,1,1,1,0,0,20251028,20251113,8
0,1,1,1,1,0,0,20251028,20251125,852
0,1,1,1,1,0,0,20251102,20251112,922
0,1,1,1,1,0,0,20251103,20251111,562
0,1,1,1,1,0,0,20251103,20251112,338
0,1,1,1,1,0,0,20251104,20251107,105
0,1,1,1,1,0,0,20251104,20251107,884
0,1,1,1,1,0,0,20251104,20251113,1105
0,1,1,1,1,0,0,20251107,20251118,83
0,1,1,1,1,0,0,20251111,20251114,806
0,1,1,1,1,0,0,20251114,20251125,131
0,1,1,1,1,0,0,20251118,20251121,1045
0,1,1,1,1,0,1,20251026,20251031,134
0,1,1,1,1,0,1,20251026,20251114,42
0,1,1,1,1,0,1,20251028,20251102,248
0,1,1,1,1,1,0,20251028,20251101,255
0,1,1,1,1,1,0,20251028,20251108,571
0,1,1,1,1,1,0,20251104,20251108,485
0,1,1,1,1,1,0,20251111,20251115,448
0,1,1,1,1,1,0,20251111,20251121,166
0,1,1,1,1,1,0,20251114,20251125,431
0,1,1,1,1,1,0,20251118,20251125,991
0,1,1,1,1,1,1,20251026,20251116,481
0,1,1,1,1,1,1,20251026,20251125,13
0,1,1,1,1,1,1,20251026,20251125,693
0,1,1,1,1,1,1,20251027,20251109,273
0,1,1,1,1,1,1,20251028,20251102,128
0,1,1,1,1,1,1,20251030,20251125,106
0,1,1,1,1,1,1,20251102,20251112,980
0,1,1,1,1,1,1,20251104,20251113,479
0,1,1,1,1,1,1,20251111,20251116,524
0,1,1,1,1,1,1,20251114,20251123,460
0,1,1,1,1,1,1,20251114,20251125,33
0,1,1,1,1,1,1,20251115,20251121,879
0,1,1,1,1,1,1,20251115,20251123,34
0,1,1,1,1,1,1,20251118,20251123,1031
0,1,1,1,1,1,1,20251119,20251125,148
1,0,0,0,0,0,0,20251026,20251103,1099
1,0,0,0,0,0,0,20251026,20251110,648
1,0,0,0,0,0,0,20251027,20251103,657
1,0,0,0,0,0,0,20251027,20251110,948
1,0,0,0,0,0,0,20251027,20251110,99
1,0,0,0,0,0,0,20251027,20251117,594
1,0,0,0,0,0,0,20251027,20251124,1025
1,0,0,0,0,0,0,20251027,20251124,407
1,0,0,0,0,0,0,20251027,20251124,926
1,0,0,0,0,0,0,20251101,20251110,193
1,0,0,0,0,0,0,20251103,20251110,1087
1,0,0,0,0,0,0,20251103,20251124,379
1,0,0,0,0,0,0,20251103,20251124,434
1,0,0,0,0,0,0,20251110,20251124,760
1,0,0,0,0,0,0,20251110,20251124,930
1,0,0,0,0,0,0,20251117,20251124,876
1,0,0,0,0,0,1,20251026,20251027,24
1,0,0,0,0,0,1,20251026,20251027,912
1,0,0,0,0,0,1,20251102,20251103,975
1,0,0,0,0,0,1,20251109,20251110,494
1,0,0,0,0,0,1,20251109,20251117,346
1,0,0,0,0,0,1,20251116,20251117,477
1,0,0,0,0,0,1,20251117,20251124,1039
1,0,0,0,0,0,1,20251123,20251124,422
1,0,0,0,0,1,0,20251027,20251101,662
1,0,0,0,0,1,0,20251103,20251110,454
1,0,0,0,0,1,0,20251122,20251124,359
1,0,0,0,0,1,1,20251101,20251103,970
1,0,0,0,0,1,1,20251108,20251110,1014
1,0,0,0,0,1,1,20251115,20251117,746
1,0,0,0,0,1,1,20251116,20251123,279
1,0,0,0,1,0,0,20251027,20251031,315
1,0,0,0,1,0,0,20251031,20251103,194
1,0,0,0,1,0,0,20251103,20251107,989
1,0,0,0,1,0,0,20251110,20251119,847
1,0,0,0,1,0,0,20251114,20251116,1058
1,0,0,0,1,0,0,20251114,20251117,756
1,0,0,0,1,0,1,20251026,20251110,1064
1,0,0,0,1,0,1,20251031,20251112,749
1,0,0,0,1,0,1,20251117,20251123,1101
1,0,0,0,1,1,1,20251031,20251103,1143
1,0,0,0,1,1,1,20251114,20251117,373
1,0,0,0,1,1,1,20251114,20251121,1049
1,0,0,1,0,0,0,20251027,20251030,1123
1,0,0,1,0,0,0,20251028,20251106,726
1,0,0,1,0,0,0,20251030,20251103,500
1,0,0,1,0,0,0,20251110,20251113,1051
1,0,0,1,0,0,0,20251113,20251117,1053
1,0,0,1,0,0,0,20251117,20251120,846
1,0,0,1,0,0,1,20251029,20251110,289
1,0,0,1,1,0,0,20251030,20251103,665
1,0,0,1,1,0,0,20251113,20251117,660
1,0,0,1,1,0,0,20251117,20251121,766
1,0,0,1,1,0,1,20251113,20251117,621
1,0,0,1,1,1,1,20251030,20251103,251
1,0,1,0,0,0,0,20251027,20251029,262
1,0,1,0,0,0,0,20251027,20251112,783
1,0,1,0,0,0,0,20251103,20251105,334
1,0,1,0,0,0,0,20251110,20251119,1067
1,0,1,0,0,0,0,20251117,20251119,296
1,0,1,0,0,0,0,20251119,20251124,403
1,0,1,0,0,0,1,20251026,20251029,249
1,0,1,0,0,0,1,20251109,20251112,1026
1,0,1,0,0,0,1,20251110,20251124,1059
1,0,1,0,0,0,1,20251110,20251124,293
1,0,1,0,0,0,1,20251115,20251123,206
1,0,1,0,0,1,1,20251026,20251108,733
1,0,1,0,0,1,1,20251030,20251108,932
1,0,1,0,1,1,1,20251111,20251121,376
1,0,1,1,0,0,0,20251027,20251030,347
1,0,1,1,0,0,0,20251027,20251103,904
1,0,1,1,0,0,0,20251027,20251112,872
1,0,1,1,0,0,0,20251103,20251120,815
1,0,1,1,0,0,0,20251117,20251120,456
1,0,1,1,0,0,1,20251026,20251030,16
1,0,1,1,0,1,0,20251027,20251108,797
1,0,1,1,0,1,0,20251117,20251125,754
1,0,1,1,0,1,1,20251026,20251123,328
1,0,1,1,0,1,1,20251111,20251121,304
1,0,1,1,1,0,0,20251027,20251103,189
1,0,1,1,1,0,0,20251027,20251125,764
1,0,1,1,1,0,0,20251113,20251120,533
1,0,1,1,1,0,1,20251026,20251031,786
1,0,1,1,1,0,1,20251026,20251113,696
1,0,1,1,1,0,1,20251102,20251114,1130
1,0,1,1,1,0,1,20251116,20251121,905
1,0,1,1,1,1,0,20251027,20251108,208
1,0,1,1,1,1,0,20251111,20251120,854
1,0,1,1,1,1,1,20251026,20251108,1027
1,0,1,1,1,1,1,20251026,20251108,565
1,0,1,1,1,1,1,20251026,20251114,637
1,0,1,1,1,1,1,20251026,20251124,410
1,0,1,1,1,1,1,20251114,20251122,803
1,0,1,1,1,1,1,20251116,20251123,705
1,1,0,0,0,0,0,20251027,20251028,793
1,1,0,0,0,0,0,20251027,20251110,164
1,1,0,0,0,0,0,20251103,20251104,1144
1,1,0,0,0,0,0,20251110,20251111,820
1,1,0,0,0,0,0,20251117,20251118,702
1,1,0,0,0,0,0,20251124,20251125,363
1,1,0,0,0,0,0,20251124,20251125,973
1,1,0,0,0,0,1,20251026,20251028,870
1,1,0,0,0,0,1,20251102,20251104,308
1,1,0,0,0,0,1,20251116,20251118,1113
1,1,0,0,0,1,0,20251101,20251104,79
1,1,0,0,0,1,0,20251122,20251125,825
1,1,0,0,0,1,1,20251028,20251110,316
1,1,0,0,0,1,1,20251101,20251104,430
1,1,0,0,0,1,1,20251108,20251111,408
1,1,0,0,0,1,1,20251115,20251118,58
1,1,0,0,0,1,1,20251116,20251123,592
1,1,0,0,0,1,1,20251122,20251125,181
1,1,0,0,1,0,0,20251031,20251104,622
1,1,0,0,1,0,0,20251114,20251118,776
1,1,0,0,1,1,0,20251031,20251104,1129
1,1,0,0,1,1,0,20251114,20251118,519
1,1,0,0,1,1,1,20251031,20251104,119
1,1,0,0,1,1,1,20251031,20251113,928
1,1,0,0,1,1,1,20251114,20251118,697
1,1,0,0,1,1,1,20251121,20251125,266
1,1,0,1,0,0,0,20251027,20251125,606
1,1,0,1,0,0,0,20251028,20251120,848
1,1,0,1,0,0,0,20251103,20251106,976
1,1,0,1,0,0,0,20251103,20251112,759
1,1,0,1,0,0,0,20251110,20251125,1100
1,1,0,1,0,0,0,20251113,20251118,440
1,1,0,1,0,0,1,20251026,20251030,382
1,1,0,1,0,0,1,20251026,20251107,1096
1,1,0,1,0,0,1,20251026,20251109,799
1,1,0,1,0,0,1,20251026,20251125,1136
1,1,0,1,0,0,1,20251027,20251106,512
1,1,0,1,0,1,1,20251026,20251125,450
1,1,0,1,1,0,0,20251027,20251103,54
1,1,0,1,1,0,0,20251027,20251107,233
1,1,0,1,1,0,0,20251027,20251107,259
1,1,0,1,1,0,0,20251103,20251107,395
1,1,0,1,1,0,0,20251113,20251118,214
1,1,0,1,1,0,0,20251120,20251125,626
1,1,0,1,1,0,1,20251026,20251031,313
1,1,0,1,1,0,1,20251026,20251031,432
1,1,0,1,1,0,1,20251026,20251103,642
1,1,0,1,1,0,1,20251026,20251107,1008
1,1,0,1,1,0,1,20251027,20251103,600
1,1,0,1,1,0,1,20251027,20251109,1115
1,1,0,1,1,0,1,20251031,20251111,51
1,1,0,1,1,0,1,20251031,20251114,585
1,1,0,1,1,0,1,20251113,20251118,201
1,1,0,1,1,0,1,20251113,20251123,3
1,1,0,1,1,1,0,20251113,20251118,18
1,1,0,1,1,1,1,20251026,20251101,1030
1,1,0,1,1,1,1,20251026,20251101,1138
1,1,0,1,1,1,1,20251026,20251102,541
1,1,0,1,1,1,1,20251026,20251103,98
1,1,0,1,1,1,1,20251026,20251108,892
1,1,0,1,1,1,1,20251027,20251102,794
1,1,0,1,1,1,1,20251027,20251106,750
1,1,0,1,1,1,1,20251103,20251114,946
1,1,0,1,1,1,1,20251109,20251125,423
1,1,0,1,1,1,1,20251113,20251118,490
1,1,1,0,0,0,0,20251027,20251029,772
1,1,1,0,0,0,0,20251027,20251029,885
1,1,1,0,0,0,0,20251027,20251105,1001
1,1,1,0,0,0,0,20251027,20251112,275
1,1,1,0,0,0,0,20251027,20251112,874
1,1,1,0,0,0,0,20251028,20251112,528
1,1,1,0,0,0,0,20251028,20251125,1077
1,1,1,0,0,0,0,20251103,20251105,326
1,1,1,0,0,0,0,20251103,20251105,521
1,1,1,0,0,0,0,20251103,20251112,1088
1,1,1,0,0,0,0,20251103,20251112,527
1,1,1,0,0,0,0,20251103,20251112,747
1,1,1,0,0,0,0,20251103,20251125,463
1,1,1,0,0,0,0,20251109,20251124,856
1,1,1,0,0,0,0,20251110,20251112,511
1,1,1,0,0,0,0,20251110,20251125,529
1,1,1,0,0,0,0,20251110,20251125,828
1,1,1,0,0,0,0,20251117,20251119,1005
1,1,1,0,0,0,1,20251026,20251029,143
1,1,1,0,0,0,1,20251026,20251029,156
1,1,1,0,0,0,1,20251026,20251029,703
1,1,1,0,0,0,1,20251026,20251124,107
1,1,1,0,0,0,1,20251026,20251124,179
1,1,1,0,0,0,1,20251026,20251124,957
1,1,1,0,0,0,1,20251026,20251125,1132
1,1,1,0,0,0,1,20251026,20251125,258
1,1,1,0,0,0,1,20251027,20251110,882
1,1,1,0,0,0,1,20251102,20251105,984
1,1,1,0,0,0,1,20251109,20251112,78
1,1,1,0,0,0,1,20251109,20251125,1110
1,1,1,0,0,0,1,20251116,20251119,1106
1,1,1,0,0,0,1,20251116,20251123,1035
1,1,1,0,0,1,0,20251027,20251109,728
1,1,1,0,0,1,0,20251101,20251105,630
1,1,1,0,0,1,1,20251101,20251105,944
1,1,1,0,0,1,1,20251109,20251125,393
1,1,1,0,0,1,1,20251115,20251119,1145
1,1,1,0,0,1,1,20251117,20251123,14
1,1,1,0,1,0,0,20251027,20251031,464
1,1,1,0,1,0,0,20251030,20251107,268
1,1,1,0,1,0,0,20251103,20251107,71
1,1,1,0,1,0,1,20251026,20251109,666
1,1,1,0,1,0,1,20251026,20251125,1063
1,1,1,0,1,0,1,20251031,20251109,336
1,1,1,0,1,0,1,20251116,20251124,263
1,1,1,0,1,1,0,20251027,20251112,520
1,1,1,0,1,1,0,20251110,20251115,516
1,1,1,0,1,1,0,20251114,20251122,462
1,1,1,0,1,1,1,20251026,20251108,936
1,1,1,0,1,1,1,20251026,20251125,404
1,1,1,0,1,1,1,20251026,20251125,624
1,1,1,0,1,1,1,20251102,20251110,425
1,1,1,0,1,1,1,20251107,20251125,768
1,1,1,1,0,0,0,20251026,20251112,515
1,1,1,1,0,0,0,20251026,20251121,908
1,1,1,1,0,0,0,20251026,20251125,667
1,1,1,1,0,0,0,20251027,20251030,160
1,1,1,1,0,0,0,20251027,20251030,364
1,1,1,1,0,0,0,20251027,20251030,514
1,1,1,1,0,0,0,20251027,20251030,845
1,1,1,1,0,0,0,20251027,20251102,157
1,1,1,1,0,0,0,20251027,20251106,344
1,1,1,1,0,0,0,20251027,20251106,542
1,1,1,1,0,0,0,20251027,20251107,881
1,1,1,1,0,0,0,20251027,20251108,159
1,1,1,1,0,0,0,20251027,20251112,180
1,1,1,1,0,0,0,20251027,20251113,223
1,1,1,1,0,0,0,20251027,20251113,341
1,1,1,1,0,0,0,20251027,20251113,525
1,1,1,1,0,0,0,20251027,20251113,56
1,1,1,1,0,0,0,20251027,20251113,849
1,1,1,1,0,0,0,20251027,20251125,100
1,1,1,1,0,0,0,20251027,20251125,1003
1,1,1,1,0,0,0,20251027,20251125,1117
1,1,1,1,0,0,0,20251027,20251125,135
1,1,1,1,0,0,0,20251027,20251125,167
1,1,1,1,0,0,0,20251027,20251125,27
1,1,1,1,0,0,0,20251027,20251125,389
1,1,1,1,0,0,0,20251027,20251125,582
1,1,1,1,0,0,0,20251027,20251125,607
1,1,1,1,0,0,0,20251027,20251125,623
1,1,1,1,0,0,0,20251027,20251125,635
1,1,1,1,0,0,0,20251027,20251125,676
1,1,1,1,0,0,0,20251027,20251125,911
1,1,1,1,0,0,0,20251027,20251125,960
1,1,1,1,0,0,0,20251027,20251125,972
1,1,1,1,0,0,0,20251028,20251106,218
1,1,1,1,0,0,0,20251028,20251125,480
1,1,1,1,0,0,0,20251028,20251125,683
1,1,1,1,0,0,0,20251030,20251107,191
1,1,1,1,0,0,0,20251030,20251120,977
1,1,1,1,0,0,0,20251030,20251124,620
1,1,1,1,0,0,0,20251030,20251125,455
1,1,1,1,0,0,0,20251031,20251125,685
1,1,1,1,0,0,0,20251101,20251106,113
1,1,1,1,0,0,0,20251103,20251106,1024
1,1,1,1,0,0,0,20251103,20251106,1074
1,1,1,1,0,0,0,20251103,20251106,264
1,1,1,1,0,0,0,20251103,20251106,701
1,1,1,1,0,0,0,20251103,20251112,1046
1,1,1,1,0,0,0,20251103,20251113,199
1,1,1,1,0,0,0,20251103,20251113,680
1,1,1,1,0,0,0,20251103,20251125,184
1,1,1,1,0,0,0,20251103,20251125,85
1,1,1,1,0,0,0,20251110,20251113,86
1,1,1,1,0,0,0,20251111,20251121,87
1,1,1,1,0,0,0,20251113,20251120,952
1,1,1,1,0,0,0,20251115,20251124,737
1,1,1,1,0,0,0,20251116,20251124,735
1,1,1,1,0,0,0,20251117,20251120,175
1,1,1,1,0,0,0,20251117,20251124,2
1,1,1,1,0,0,0,20251117,20251125,66
1,1,1,1,0,0,0,20251117,20251125,669
1,1,1,1,0,0,0,20251118,20251125,31
1,1,1,1,0,0,0,20251119,20251125,632
1,1,1,1,0,0,1,20251026,20251030,1072
1,1,1,1,0,0,1,20251026,20251030,461
1,1,1,1,0,0,1,20251026,20251030,800
1,1,1,1,0,0,1,20251026,20251107,173
1,1,1,1,0,0,1,20251026,20251112,470
1,1,1,1,0,0,1,20251026,20251113,297
1,1,1,1,0,0,1,20251026,20251113,790
1,1,1,1,0,0,1,20251026,20251125,1042
1,1,1,1,0,0,1,20251026,20251125,129
1,1,1,1,0,0,1,20251026,20251125,298
1,1,1,1,0,0,1,20251026,20251125,357
1,1,1,1,0,0,1,20251026,20251125,36
1,1,1,1,0,0,1,20251026,20251125,397
1,1,1,1,0,0,1,20251026,20251125,502
1,1,1,1,0,0,1,20251026,20251125,931
1,1,1,1,0,0,1,20251027,20251106,283
1,1,1,1,0,0,1,20251027,20251106,399
1,1,1,1,0,0,1,20251027,20251125,437
1,1,1,1,0,0,1,20251028,20251106,1056
1,1,1,1,0,0,1,20251028,20251106,887
1,1,1,1,0,0,1,20251102,20251106,740
1,1,1,1,0,0,1,20251102,20251125,668
1,1,1,1,0,0,1,20251103,20251114,853
1,1,1,1,0,0,1,20251109,20251113,566
1,1,1,1,0,0,1,20251109,20251113,947
1,1,1,1,0,0,1,20251111,20251113,587
1,1,1,1,0,0,1,20251113,20251121,895
1,1,1,1,0,0,1,20251116,20251120,305
1,1,1,1,0,0,1,20251116,20251124,212
1,1,1,1,0,1,0,20251027,20251108,830
1,1,1,1,0,1,0,20251027,20251120,322
1,1,1,1,0,1,0,20251027,20251121,543
1,1,1,1,0,1,0,20251027,20251125,43
1,1,1,1,0,1,0,20251027,20251125,752
1,1,1,1,0,1,1,20251026,20251112,55
1,1,1,1,0,1,1,20251026,20251112,758
1,1,1,1,0,1,1,20251026,20251113,401
1,1,1,1,0,1,1,20251027,20251113,560
1,1,1,1,0,1,1,20251027,20251125,817
1,1,1,1,0,1,1,20251028,20251108,718
1,1,1,1,0,1,1,20251030,20251109,32
1,1,1,1,0,1,1,20251102,20251114,572
1,1,1,1,0,1,1,20251108,20251113,643
1,1,1,1,0,1,1,20251115,20251120,1011
1,1,1,1,1,0,0,20251026,20251110,655
1,1,1,1,1,0,0,20251026,20251112,773
1,1,1,1,1,0,0,20251026,20251125,1018
1,1,1,1,1,0,0,20251026,20251125,1120
1,1,1,1,1,0,0,20251026,20251125,550
1,1,1,1,1,0,0,20251026,20251125,658
1,1,1,1,1,0,0,20251027,20251031,1118
1,1,1,1,1,0,0,20251027,20251031,306
1,1,1,1,1,0,0,20251027,20251031,310
1,1,1,1,1,0,0,20251027,20251031,377
1,1,1,1,1,0,0,20251027,20251031,487
1,1,1,1,1,0,0,20251027,20251031,656
1,1,1,1,1,0,0,20251027,20251031,727
1,1,1,1,1,0,0,20251027,20251031,890
1,1,1,1,1,0,0,20251027,20251031,949
1,1,1,1,1,0,0,20251027,20251103,270
1,1,1,1,1,0,0,20251027,20251107,1022
1,1,1,1,1,0,0,20251027,20251107,138
1,1,1,1,1,0,0,20251027,20251107,149
1,1,1,1,1,0,0,20251027,20251107,276
1,1,1,1,1,0,0,20251027,20251107,28
1,1,1,1,1,0,0,20251027,20251107,471
1,1,1,1,1,0,0,20251027,20251108,231
1,1,1,1,1,0,0,20251027,20251110,914
1,1,1,1,1,0,0,20251027,20251110,953
1,1,1,1,1,0,0,20251027,20251110,993
1,1,1,1,1,0,0,20251027,20251112,1023
1,1,1,1,1,0,0,20251027,20251112,1141
1,1,1,1,1,0,0,20251027,20251112,123
1,1,1,1,1,0,0,20251027,20251112,188
1,1,1,1,1,0,0,20251027,20251112,909
1,1,1,1,1,0,0,20251027,20251113,1082
1,1,1,1,1,0,0,20251027,20251113,256
1,1,1,1,1,0,0,20251027,20251113,309
1,1,1,1,1,0,0,20251027,20251113,628
1,1,1,1,1,0,0,20251027,20251113,738
1,1,1,1,1,0,0,20251027,20251113,823
1,1,1,1,1,0,0,20251027,20251113,863
1,1,1,1,1,0,0,20251027,20251114,1142
1,1,1,1,1,0,0,20251027,20251114,369
1,1,1,1,1,0,0,20251027,20251114,405
1,1,1,1,1,0,0,20251027,20251114,554
1,1,1,1,1,0,0,20251027,20251121,1126
1,1,1,1,1,0,0,20251027,20251121,426
1,1,1,1,1,0,0,20251027,20251121,640
1,1,1,1,1,0,0,20251027,20251121,72
1,1,1,1,1,0,0,20251027,20251124,1062
1,1,1,1,1,0,0,20251027,20251124,1083
1,1,1,1,1,0,0,20251027,20251125,1007
1,1,1,1,1,0,0,20251027,20251125,1010
1,1,1,1,1,0,0,20251027,20251125,1015
1,1,1,1,1,0,0,20251027,20251125,1041
1,1,1,1,1,0,0,20251027,20251125,1060
1,1,1,1,1,0,0,20251027,20251125,1068
1,1,1,1,1,0,0,20251027,20251125,1069
1,1,1,1,1,0,0,20251027,20251125,1070
1,1,1,1,1,0,0,20251027,20251125,108
1,1,1,1,1,0,0,20251027,20251125,1124
1,1,1,1,1,0,0,20251027,20251125,190
1,1,1,1,1,0,0,20251027,20251125,195
1,1,1,1,1,0,0,20251027,20251125,224
1,1,1,1,1,0,0,20251027,20251125,265
1,1,1,1,1,0,0,20251027,20251125,272
1,1,1,1,1,0,0,20251027,20251125,317
1,1,1,1,1,0,0,20251027,20251125,318
1,1,1,1,1,0,0,20251027,20251125,349
1,1,1,1,1,0,0,20251027,20251125,358
1,1,1,1,1,0,0,20251027,20251125,370
1,1,1,1,1,0,0,20251027,20251125,378
1,1,1,1,1,0,0,20251027,20251125,384
1,1,1,1,1,0,0,20251027,20251125,428
1,1,1,1,1,0,0,20251027,20251125,446
1,1,1,1,1,0,0,20251027,20251125,468
1,1,1,1,1,0,0,20251027,20251125,49
1,1,1,1,1,0,0,20251027,20251125,575
1,1,1,1,1,0,0,20251027,20251125,603
1,1,1,1,1,0,0,20251027,20251125,659
1,1,1,1,1,0,0,20251027,20251125,709
1,1,1,1,1,0,0,20251027,20251125,715
1,1,1,1,1,0,0,20251027,20251125,780
1,1,1,1,1,0,0,20251027,20251125,80
1,1,1,1,1,0,0,20251027,20251125,811
1,1,1,1,1,0,0,20251027,20251125,831
1,1,1,1,1,0,0,20251027,20251125,835
1,1,1,1,1,0,0,20251027,20251125,871
1,1,1,1,1,0,0,20251027,20251125,894
1,1,1,1,1,0,0,20251027,20251125,896
1,1,1,1,1,0,0,20251027,20251125,941
1,1,1,1,1,0,0,20251027,20251125,967
1,1,1,1,1,0,0,20251027,20251125,978
1,1,1,1,1,0,0,20251027,20251125,990
1,1,1,1,1,0,0,20251028,20251103,37
1,1,1,1,1,0,0,20251028,20251107,153
1,1,1,1,1,0,0,20251030,20251110,605
1,1,1,1,1,0,0,20251030,20251125,329
1,1,1,1,1,0,0,20251030,20251125,593
1,1,1,1,1,0,0,20251031,20251113,365
1,1,1,1,1,0,0,20251031,20251113,492
1,1,1,1,1,0,0,20251101,20251125,534
1,1,1,1,1,0,0,20251102,20251112,818
1,1,1,1,1,0,0,20251103,20251107,1040
1,1,1,1,1,0,0,20251103,20251107,1146
1,1,1,1,1,0,0,20251103,20251107,52
1,1,1,1,1,0,0,20251103,20251107,64
1,1,1,1,1,0,0,20251103,20251110,465
1,1,1,1,1,0,0,20251103,20251112,141
1,1,1,1,1,0,0,20251103,20251112,654
1,1,1,1,1,0,0,20251103,20251113,94
1,1,1,1,1,0,0,20251103,20251114,619
1,1,1,1,1,0,0,20251103,20251125,1047
1,1,1,1,1,0,0,20251103,20251125,177
1,1,1,1,1,0,0,20251104,20251124,75
1,1,1,1,1,0,0,20251104,20251125,152
1,1,1,1,1,0,0,20251104,20251125,473
1,1,1,1,1,0,0,20251105,20251125,381
1,1,1,1,1,0,0,20251106,20251112,942
1,1,1,1,1,0,0,20251106,20251125,860
1,1,1,1,1,0,0,20251107,20251114,95
1,1,1,1,1,0,0,20251107,20251118,438
1,1,1,1,1,0,0,20251107,20251120,933
1,1,1,1,1,0,0,20251107,20251121,409
1,1,1,1,1,0,0,20251107,20251124,342
1,1,1,1,1,0,0,20251107,20251125,398
1,1,1,1,1,0,0,20251107,20251125,677
1,1,1,1,1,0,0,20251107,20251125,855
1,1,1,1,1,0,0,20251108,20251125,300
1,1,1,1,1,0,0,20251110,20251114,586
1,1,1,1,1,0,0,20251110,20251114,604
1,1,1,1,1,0,0,20251110,20251114,61
1,1,1,1,1,0,0,20251110,20251120,861
1,1,1,1,1,0,0,20251110,20251121,171
1,1,1,1,1,0,0,20251110,20251125,707
1,1,1,1,1,0,0,20251110,20251125,779
1,1,1,1,1,0,0,20251111,20251121,491
1,1,1,1,1,0,0,20251112,20251125,787
1,1,1,1,1,0,0,20251114,20251121,1080
1,1,1,1,1,0,0,20251114,20251123,1121
1,1,1,1,1,0,0,20251114,20251125,161
1,1,1,1,1,0,0,20251116,20251124,274
1,1,1,1,1,0,0,20251117,20251121,25
1,1,1,1,1,0,0,20251117,20251124,539
1,1,1,1,1,0,0,20251117,20251125,955
1,1,1,1,1,0,0,20251119,20251125,538
1,1,1,1,1,0,1,20251026,20251031,1004
1,1,1,1,1,0,1,20251026,20251031,954
1,1,1,1,1,0,1,20251026,20251102,671
1,1,1,1,1,0,1,20251026,20251103,158
1,1,1,1,1,0,1,20251026,20251107,1097
1,1,1,1,1,0,1,20251026,20251107,26
1,1,1,1,1,0,1,20251026,20251107,38
1,1,1,1,1,0,1,20251026,20251107,821
1,1,1,1,1,0,1,20251026,20251107,866
1,1,1,1,1,0,1,20251026,20251108,253
1,1,1,1,1,0,1,20251026,20251109,843
1,1,1,1,1,0,1,20251026,20251110,142
1,1,1,1,1,0,1,20251026,20251111,101
1,1,1,1,1,0,1,20251026,20251112,1085
1,1,1,1,1,0,1,20251026,20251112,1090
1,1,1,1,1,0,1,20251026,20251112,353
1,1,1,1,1,0,1,20251026,20251112,629
1,1,1,1,1,0,1,20251026,20251112,979
1,1,1,1,1,0,1,20251026,20251112,995
1,1,1,1,1,0,1,20251026,20251113,281
1,1,1,1,1,0,1,20251026,20251113,482
1,1,1,1,1,0,1,20251026,20251113,488
1,1,1,1,1,0,1,20251026,20251113,736
1,1,1,1,1,0,1,20251026,20251114,186
1,1,1,1,1,0,1,20251026,20251114,720
1,1,1,1,1,0,1,20251026,20251114,850
1,1,1,1,1,0,1,20251026,20251114,897
1,1,1,1,1,0,1,20251026,20251125,1127
1,1,1,1,1,0,1,20251026,20251125,174
1,1,1,1,1,0,1,20251026,20251125,226
1,1,1,1,1,0,1,20251026,20251125,261
1,1,1,1,1,0,1,20251026,20251125,290
1,1,1,1,1,0,1,20251026,20251125,413
1,1,1,1,1,0,1,20251026,20251125,698
1,1,1,1,1,0,1,20251026,20251125,710
1,1,1,1,1,0,1,20251026,20251125,748
1,1,1,1,1,0,1,20251026,20251125,761
1,1,1,1,1,0,1,20251026,20251125,777
1,1,1,1,1,0,1,20251026,20251125,808
1,1,1,1,1,0,1,20251026,20251125,858
1,1,1,1,1,0,1,20251026,20251125,859
1,1,1,1,1,0,1,20251026,20251125,898
1,1,1,1,1,0,1,20251026,20251125,951
1,1,1,1,1,0,1,20251026,20251125,965
1,1,1,1,1,0,1,20251026,20251125,994
1,1,1,1,1,0,1,20251027,20251107,120
1,1,1,1,1,0,1,20251027,20251107,441
1,1,1,1,1,0,1,20251027,20251114,785
1,1,1,1,1,0,1,20251027,20251125,1
1,1,1,1,1,0,1,20251027,20251125,210
1,1,1,1,1,0,1,20251027,20251125,691
1,1,1,1,1,0,1,20251027,20251125,985
1,1,1,1,1,0,1,20251028,20251103,145
1,1,1,1,1,0,1,20251028,20251107,202
1,1,1,1,1,0,1,20251030,20251125,396
1,1,1,1,1,0,1,20251031,20251109,1017
1,1,1,1,1,0,1,20251031,20251109,449
1,1,1,1,1,0,1,20251031,20251110,200
1,1,1,1,1,0,1,20251031,20251113,91
1,1,1,1,1,0,1,20251102,20251107,801
1,1,1,1,1,0,1,20251102,20251113,92
1,1,1,1,1,0,1,20251102,20251114,937
1,1,1,1,1,0,1,20251102,20251124,961
1,1,1,1,1,0,1,20251102,20251125,577
1,1,1,1,1,0,1,20251103,20251114,215
1,1,1,1,1,0,1,20251103,20251125,1091
1,1,1,1,1,0,1,20251103,20251125,927
1,1,1,1,1,0,1,20251105,20251125,700
1,1,1,1,1,0,1,20251109,20251114,838
1,1,1,1,1,0,1,20251109,20251125,111
1,1,1,1,1,0,1,20251109,20251125,385
1,1,1,1,1,0,1,20251110,20251125,551
1,1,1,1,1,0,1,20251114,20251121,962
1,1,1,1,1,0,1,20251114,20251123,906
1,1,1,1,1,0,1,20251114,20251124,610
1,1,1,1,1,0,1,20251116,20251121,419
1,1,1,1,1,0,1,20251116,20251125,708
1,1,1,1,1,0,1,20251117,20251123,53
1,1,1,1,1,0,1,20251118,20251125,286
1,1,1,1,1,0,1,20251119,20251125,546
1,1,1,1,1,1,0,20251026,20251125,122
1,1,1,1,1,1,0,20251027,20251102,244
1,1,1,1,1,1,0,20251027,20251108,250
1,1,1,1,1,1,0,20251027,20251108,618
1,1,1,1,1,1,0,20251027,20251113,1103
1,1,1,1,1,1,0,20251027,20251113,30
1,1,1,1,1,1,0,20251027,20251113,647
1,1,1,1,1,1,0,20251027,20251113,812
1,1,1,1,1,1,0,20251027,20251114,429
1,1,1,1,1,1,0,20251027,20251125,104
1,1,1,1,1,1,0,20251027,20251125,1147
1,1,1,1,1,1,0,20251027,20251125,1148
1,1,1,1,1,1,0,20251027,20251125,136
1,1,1,1,1,1,0,20251027,20251125,146
1,1,1,1,1,1,0,20251027,20251125,197
1,1,1,1,1,1,0,20251027,20251125,392
1,1,1,1,1,1,0,20251027,20251125,443
1,1,1,1,1,1,0,20251027,20251125,469
1,1,1,1,1,1,0,20251027,20251125,576
1,1,1,1,1,1,0,20251027,20251125,678
1,1,1,1,1,1,0,20251027,20251125,716
1,1,1,1,1,1,0,20251027,20251125,739
1,1,1,1,1,1,0,20251027,20251125,891
1,1,1,1,1,1,0,20251028,20251106,613
1,1,1,1,1,1,0,20251028,20251107,1048
1,1,1,1,1,1,0,20251101,20251107,589
1,1,1,1,1,1,0,20251101,20251112,798
1,1,1,1,1,1,0,20251101,20251125,1065
1,1,1,1,1,1,0,20251101,20251125,834
1,1,1,1,1,1,0,20251101,20251125,844
1,1,1,1,1,1,0,20251103,20251113,50
1,1,1,1,1,1,0,20251103,20251114,411
1,1,1,1,1,1,0,20251103,20251125,686
1,1,1,1,1,1,0,20251104,20251124,1054
1,1,1,1,1,1,0,20251106,20251113,176
1,1,1,1,1,1,0,20251107,20251113,762
1,1,1,1,1,1,0,20251108,20251114,590
1,1,1,1,1,1,0,20251110,20251115,865
1,1,1,1,1,1,0,20251110,20251116,427
1,1,1,1,1,1,0,20251111,20251121,498
1,1,1,1,1,1,0,20251114,20251122,574
1,1,1,1,1,1,0,20251114,20251124,1000
1,1,1,1,1,1,0,20251114,20251125,916
1,1,1,1,1,1,0,20251115,20251121,638
1,1,1,1,1,1,0,20251117,20251122,1092
1,1,1,1,1,1,0,20251117,20251124,522
1,1,1,1,1,1,0,20251117,20251125,302
1,1,1,1,1,1,0,20251117,20251125,478
1,1,1,1,1,1,0,20251119,20251125,320
1,1,1,1,1,1,0,20251122,20251125,321
1,1,1,1,1,1,1,20251026,20251101,109
1,1,1,1,1,1,1,20251026,20251101,453
1,1,1,1,1,1,1,20251026,20251102,451
1,1,1,1,1,1,1,20251026,20251103,150
1,1,1,1,1,1,1,20251026,20251107,117
1,1,1,1,1,1,1,20251026,20251108,1002
1,1,1,1,1,1,1,20251026,20251108,110
1,1,1,1,1,1,1,20251026,20251108,390
1,1,1,1,1,1,1,20251026,20251108,447
1,1,1,1,1,1,1,20251026,20251108,489
1,1,1,1,1,1,1,20251026,20251108,507
1,1,1,1,1,1,1,20251026,20251108,804
1,1,1,1,1,1,1,20251026,20251108,987
1,1,1,1,1,1,1,20251026,20251108,999
1,1,1,1,1,1,1,20251026,20251112,530
1,1,1,1,1,1,1,20251026,20251112,60
1,1,1,1,1,1,1,20251026,20251113,15
1,1,1,1,1,1,1,20251026,20251113,367
1,1,1,1,1,1,1,20251026,20251113,386
1,1,1,1,1,1,1,20251026,20251113,391
1,1,1,1,1,1,1,20251026,20251113,504
1,1,1,1,1,1,1,20251026,20251113,791
1,1,1,1,1,1,1,20251026,20251114,1050
1,1,1,1,1,1,1,20251026,20251114,1057
1,1,1,1,1,1,1,20251026,20251114,132
1,1,1,1,1,1,1,20251026,20251114,796
1,1,1,1,1,1,1,20251026,20251115,41
1,1,1,1,1,1,1,20251026,20251116,475
1,1,1,1,1,1,1,20251026,20251116,893
1,1,1,1,1,1,1,20251026,20251117,839
1,1,1,1,1,1,1,20251026,20251124,1125
1,1,1,1,1,1,1,20251026,20251125,1034
1,1,1,1,1,1,1,20251026,20251125,1037
1,1,1,1,1,1,1,20251026,20251125,1038
1,1,1,1,1,1,1,20251026,20251125,1107
1,1,1,1,1,1,1,20251026,20251125,1133
1,1,1,1,1,1,1,20251026,20251125,126
1,1,1,1,1,1,1,20251026,20251125,154
1,1,1,1,1,1,1,20251026,20251125,169
1,1,1,1,1,1,1,20251026,20251125,19
1,1,1,1,1,1,1,20251026,20251125,241
1,1,1,1,1,1,1,20251026,20251125,314
1,1,1,1,1,1,1,20251026,20251125,343
1,1,1,1,1,1,1,20251026,20251125,355
1,1,1,1,1,1,1,20251026,20251125,459
1,1,1,1,1,1,1,20251026,20251125,495
1,1,1,1,1,1,1,20251026,20251125,510
1,1,1,1,1,1,1,20251026,20251125,531
1,1,1,1,1,1,1,20251026,20251125,617
1,1,1,1,1,1,1,20251026,20251125,625
1,1,1,1,1,1,1,20251026,20251125,636
1,1,1,1,1,1,1,20251026,20251125,690
1,1,1,1,1,1,1,20251026,20251125,70
1,1,1,1,1,1,1,20251026,20251125,767
1,1,1,1,1,1,1,20251026,20251125,789
1,1,1,1,1,1,1,20251026,20251125,795
1,1,1,1,1,1,1,20251026,20251125,824
1,1,1,1,1,1,1,20251026,20251125,877
1,1,1,1,1,1,1,20251026,20251125,883
1,1,1,1,1,1,1,20251026,20251125,886
1,1,1,1,1,1,1,20251026,20251125,917
1,1,1,1,1,1,1,20251026,20251125,986
1,1,1,1,1,1,1,20251027,20251102,1052
1,1,1,1,1,1,1,20251027,20251112,644
1,1,1,1,1,1,1,20251027,20251125,121
1,1,1,1,1,1,1,20251027,20251125,445
1,1,1,1,1,1,1,20251027,20251125,615
1,1,1,1,1,1,1,20251027,20251125,650
1,1,1,1,1,1,1,20251027,20251125,670
1,1,1,1,1,1,1,20251027,20251125,771
1,1,1,1,1,1,1,20251027,20251125,867
1,1,1,1,1,1,1,20251027,20251125,88
1,1,1,1,1,1,1,20251027,20251125,888
1,1,1,1,1,1,1,20251028,20251106,1108
1,1,1,1,1,1,1,20251028,20251107,645
1,1,1,1,1,1,1,20251028,20251108,1149
1,1,1,1,1,1,1,20251028,20251109,1044
1,1,1,1,1,1,1,20251029,20251125,826
1,1,1,1,1,1,1,20251029,20251125,943
1,1,1,1,1,1,1,20251030,20251106,394
1,1,1,1,1,1,1,20251030,20251107,651
1,1,1,1,1,1,1,20251030,20251108,724
1,1,1,1,1,1,1,20251030,20251125,889
1,1,1,1,1,1,1,20251030,20251125,983
1,1,1,1,1,1,1,20251031,20251113,254
1,1,1,1,1,1,1,20251101,20251107,299
1,1,1,1,1,1,1,20251101,20251113,567
1,1,1,1,1,1,1,20251101,20251114,1028
1,1,1,1,1,1,1,20251101,20251114,211
1,1,1,1,1,1,1,20251101,20251125,1078
1,1,1,1,1,1,1,20251101,20251125,400
1,1,1,1,1,1,1,20251101,20251125,458
1,1,1,1,1,1,1,20251101,20251125,76
1,1,1,1,1,1,1,20251101,20251125,880
1,1,1,1,1,1,1,20251102,20251109,1019
1,1,1,1,1,1,1,20251102,20251110,1066
1,1,1,1,1,1,1,20251102,20251113,69
1,1,1,1,1,1,1,20251102,20251114,20
1,1,1,1,1,1,1,20251102,20251124,307
1,1,1,1,1,1,1,20251102,20251125,280
1,1,1,1,1,1,1,20251102,20251125,649
1,1,1,1,1,1,1,20251102,20251125,918
1,1,1,1,1,1,1,20251103,20251110,536
1,1,1,1,1,1,1,20251103,20251113,420
1,1,1,1,1,1,1,20251103,20251114,252
1,1,1,1,1,1,1,20251103,20251123,219
1,1,1,1,1,1,1,20251103,20251125,44
1,1,1,1,1,1,1,20251103,20251125,611
1,1,1,1,1,1,1,20251103,20251125,940
1,1,1,1,1,1,1,20251104,20251125,1137
1,1,1,1,1,1,1,20251104,20251125,578
1,1,1,1,1,1,1,20251107,20251125,116
1,1,1,1,1,1,1,20251108,20251114,816
1,1,1,1,1,1,1,20251108,20251115,1012
1,1,1,1,1,1,1,20251108,20251116,608
1,1,1,1,1,1,1,20251108,20251125,335
1,1,1,1,1,1,1,20251108,20251125,998
1,1,1,1,1,1,1,20251109,20251115,230
1,1,1,1,1,1,1,20251109,20251124,744
1,1,1,1,1,1,1,20251110,20251116,170
1,1,1,1,1,1,1,20251110,20251121,1111
1,1,1,1,1,1,1,20251110,20251125,712
1,1,1,1,1,1,1,20251111,20251120,679
1,1,1,1,1,1,1,20251111,20251121,958
1,1,1,1,1,1,1,20251113,20251125,1006
1,1,1,1,1,1,1,20251114,20251123,466
1,1,1,1,1,1,1,20251114,20251124,1131
1,1,1,1,1,1,1,20251114,20251125,46
1,1,1,1,1,1,1,20251115,20251121,277
1,1,1,1,1,1,1,20251115,20251123,770
1,1,1,1,1,1,1,20251115,20251124,1093
1,1,1,1,1,1,1,20251115,20251125,742
1,1,1,1,1,1,1,20251116,20251123,493
1,1,1,1,1,1,1,20251116,20251124,568
1,1,1,1,1,1,1,20251116,20251125,436
1,1,1,1,1,1,1,20251116,20251125,694
1,1,1,1,1,1,1,20251117,20251123,81
1,1,1,1,1,1,1,20251117,20251125,687
1,1,1,1,1,1,1,20251118,20251125,819
1,1,1,1,1,1,1,20251119,20251125,627
1,1,1,1,1,1,1,20251122,20251123,239
1,1,1,1,1,1,1,20251122,20251125,155
