route_id,service_id,trip_id
1,1089,93066
1,1104,906928
1,127,270563
1,165,308637
1,192,617980
1,360,609283
1,380,674852
1,42,950859
1,429,176981
1,472,771385
1,597,1499341
1,597,777695
1,631,520476
1,765,1447439
1,772,174092
1,793,1412730
1,870,1522119
1,870,601143
1,873,1368377
1,925,487919
1,942,1138398
10,1015,407765
10,236,1364095
10,372,182515
10,503,603003
10,715,885061
10,729,1157129
10,832,1268168
10,842,469033
10,857,1134872
10,857,584136
11,510,948138
12,1012,758409
12,1045,1518787
12,111,1153381
12,156,1069418
12,156,1304687
12,156,1491680
12,156,230864
12,156,622032
12,294,177482
12,327,1187077
12,364,598963
12,369,617697
12,435,252028
12,435,696103
12,436,144477
12,477,182093
12,517,116503
12,517,165765
12,517,545029
12,540,1220960
12,561,1269870
12,651,1143920
12,651,1354178
12,651,1383960
12,651,1619402
12,651,341699
12,653,1495946
12,724,1363140
12,729,202782
12,729,316207
12,729,867719
12,742,1238965
12,742,1530028
12,742,71548
12,772,1194795
12,779,271573
12,816,1234946
12,816,1350038
12,816,615392
12,857,1288425
12,857,26375
12,941,560273
13,24,1259379
13,24,18699
13,29,794238
13,291,573322
13,380,1346110
13,581,1623515
13,581,223439
13,581,232955
13,581,557583
13,581,587971
13,581,663646
13,581,828345
13,597,1476544
13,729,336085
13,729,654454
13,729,670209
13,729,824233
13,924,121766
13,924,150682
13,924,1545930
13,924,193043
13,924,361295
13,924,466579
13,924,515447
13,924,956936
14,1104,1061975
15,1055,998532
15,108,710159
15,517,379393
15,603,131330
15,706,362034
15,729,475344
16,1032,1294094
16,1033,1223795
16,1055,581775
16,1060,57061
16,1068,901119
16,108,792191
16,1082,1612194
16,131,779515
16,161,1103731
16,163,228562
16,223,1017707
16,234,880167
16,265,1275415
16,354,1526743
16,378,744949
16,395,285578
16,395,7414
16,46,1342786
16,46,1434987
16,46,173056
16,46,372530
16,46,631276
16,46,751902
16,46,917386
16,46,921121
16,46,927928
16,517,1031307
16,517,107021
16,517,512264
16,517,593790
16,517,783167
16,521,825787
16,540,637821
16,628,1098134
16,628,1241671
16,628,319083
16,701,1148448
16,701,1454996
16,729,1088962
16,729,1199726
16,729,231388
16,729,350688
16,729,580938
16,738,1170589
16,738,138005
16,738,353881
16,738,540067
16,738,779552
16,814,1240149
16,814,1311151
16,814,902422
16,842,285134
16,842,419497
16,842,75726
16,863,764756
16,910,278747
16,910,346605
16,910,47403
16,976,1195980
16,976,226309
16,988,1561950
17,1021,113480
17,1021,975129
17,1033,1400564
17,1058,516453
17,1074,557402
17,1102,666515
17,1109,22806
17,1116,1207046
17,1116,199982
17,1147,688914
17,122,653066
17,156,1078049
17,183,762838
17,187,885175
17,191,1309996
17,192,1009555
17,192,1012118
17,192,107907
17,192,110042
17,192,1302565
17,192,1492130
17,192,183182
17,192,406273
17,192,473257
17,192,495443
17,192,906166
17,192,917743
17,192,977378
17,203,669429
17,234,1019629
17,234,401062
17,24,1008157
17,25,577530
17,255,658433
17,260,286269
17,302,1583160
17,302,780542
17,302,937491
17,32,846606
17,327,1361799
17,343,1003741
17,343,132661
17,343,155864
17,343,299964
17,343,706203
17,343,981952
17,35,764021
17,372,1349376
17,372,1354811
17,41,1359533
17,493,45755
17,506,602588
17,517,1295707
17,541,373930
17,541,956652
17,550,264188
17,557,591098
17,561,432224
17,586,121056
17,597,279316
17,608,1078718
17,608,1381294
17,608,1571139
17,614,1162611
17,633,1354089
17,729,122326
17,729,447319
17,765,739154
17,766,177026
17,772,77663
17,779,915957
17,793,1268946
17,793,343760
17,793,613534
17,794,1391990
17,832,157812
17,889,458287
17,917,8543
17,924,124192
17,95,763951
17,956,1231846
17,957,1016349
17,961,449754
18,1006,727350
18,1021,1534129
18,1021,380399
18,1021,457477
18,1021,792241
18,1025,344864
18,1032,1417003
18,1032,544266
18,1032,681312
18,1033,1387625
18,1033,1565170
18,1033,636446
18,105,1525382
18,105,660588
18,105,696141
18,105,885874
18,1109,1006763
18,1109,1228766
18,1109,1408892
18,1116,1340075
18,1116,947208
18,1137,891111
18,1147,269773
18,119,296881
18,13,1341682
18,133,1154834
18,150,1574729
18,152,1336408
18,152,660602
18,152,930990
18,158,343391
18,165,581516
18,189,953713
18,192,1066955
18,192,109673
18,192,1099948
18,192,1144803
18,192,118061
18,192,1378141
18,192,1414326
18,192,1421344
18,192,1544241
18,192,24395
18,192,263572
18,192,291344
18,192,451303
18,192,513103
18,192,593046
18,192,762859
18,192,803643
18,192,840022
18,192,858019
18,192,929621
18,192,97127
18,213,927158
18,214,222929
18,214,889398
18,234,1044094
18,234,1584103
18,234,536041
18,234,758758
18,234,78535
18,24,638343
18,241,43890
18,243,870263
18,251,1127620
18,259,145325
18,259,643857
18,27,140413
18,270,1382336
18,282,794184
18,310,1609140
18,325,1356923
18,327,955080
18,335,310108
18,342,1102937
18,343,151899
18,343,1583342
18,343,1610211
18,343,164800
18,343,769971
18,343,794281
18,343,942989
18,354,67277
18,376,15025
18,380,1508290
18,397,806131
18,435,659891
18,486,357606
18,486,48264
18,49,1146904
18,49,818773
18,491,1560708
18,495,1328467
18,510,51451
18,510,922469
18,54,1456573
18,54,152760
18,54,940993
18,540,441310
18,547,46360
18,561,835606
18,561,871318
18,580,1578696
18,584,629733
18,59,680020
18,600,474494
18,614,1038442
18,633,1016165
18,642,219924
18,700,40756
18,729,364432
18,729,689078
18,729,930938
18,75,1157164
18,765,1461678
18,765,404618
18,779,1003770
18,779,1141285
18,807,1263821
18,807,278935
18,807,484865
18,807,901657
18,814,754821
18,814,938608
18,824,1403123
18,837,37250
18,837,651627
18,852,887665
18,857,1594850
18,860,1185406
18,873,1426603
18,873,295627
18,878,1379777
18,892,1387568
18,904,182365
18,910,1571339
18,910,762837
18,921,1467971
18,921,780931
18,924,1407969
18,924,1563075
18,936,846603
18,943,720028
18,958,1289974
18,98,778481
18,998,1501362
19,1021,393652
19,1021,958676
19,1030,509353
19,1032,1092277
19,1033,1326657
19,1033,830273
19,1138,1431569
19,118,105890
19,118,132277
19,118,1451419
19,186,1164004
19,192,1167120
19,192,1327171
19,192,1410616
19,192,1617972
19,192,494813
19,192,507639
19,192,946022
19,215,1117552
19,216,1348621
19,216,1527744
19,233,1225202
19,274,879192
19,277,915851
19,313,633570
19,351,1046413
19,351,676762
19,356,934238
19,372,1415023
19,418,707823
19,419,1094455
19,432,250103
19,435,1348030
19,435,140577
19,435,1557811
19,539,1539005
19,638,1423996
19,64,634233
19,735,99981
19,737,1485995
19,805,1145912
19,805,260684
19,805,484089
19,807,1606340
19,807,335622
19,816,1601894
19,816,919975
19,850,963590
19,853,1201701
19,924,984728
19,934,402607
19,937,1171426
2,1110,1077207
2,1110,1440785
2,1110,1540787
2,1110,348705
2,1110,712234
2,1110,746868
2,116,898196
2,29,755481
2,29,916766
2,291,528199
2,291,640735
2,423,890243
2,478,1279072
2,529,1343934
2,529,681512
2,828,527955
20,100,873802
20,1021,168912
20,1032,142657
20,1032,80599
20,1033,1568587
20,1041,1158021
20,108,59224
20,1104,1032975
20,216,878412
20,217,29540
20,217,411716
20,220,1347015
20,227,1008277
20,234,1260819
20,234,759701
20,27,878229
20,350,500461
20,36,796737
20,388,910276
20,435,491518
20,486,175496
20,508,1386884
20,508,795499
20,508,923972
20,510,453225
20,540,1010234
20,561,352671
20,59,208700
20,597,165038
20,609,281446
20,614,691159
20,633,1227722
20,634,585781
20,65,1079603
20,652,194761
20,729,1240623
20,729,1320691
20,729,1545799
20,729,577230
20,729,678039
20,729,897497
20,878,1042877
20,911,1517145
20,969,1422878
20,985,312074
21,102,1149983
21,102,251487
21,102,834505
21,102,905673
21,1021,199098
21,1044,373981
21,1104,892424
21,1108,1045279
21,1108,1480689
21,1108,1483430
21,1108,343301
21,1108,376246
21,1108,509931
21,1108,525450
21,1108,765090
21,1149,1606859
21,165,394984
21,165,767116
21,165,928339
21,165,990968
21,202,273981
21,24,808199
21,24,977200
21,29,1076571
21,291,892113
21,421,1087771
21,421,172418
21,581,608329
21,581,673352
21,597,1161424
21,613,1294809
21,645,589319
21,645,672972
21,729,1567697
21,765,1516583
21,857,1168045
21,857,83456
21,857,918466
21,912,1137761
21,924,108690
21,924,1244468
21,924,625425
22,1021,654895
22,137,1495743
22,158,565378
22,196,10724
22,240,919043
22,27,1178153
22,27,155312
22,363,1429290
22,38,1044670
22,408,116281
22,408,118404
22,408,383313
22,408,798158
22,435,1254549
22,451,207334
22,474,347002
22,634,1321225
22,687,170869
22,702,1122510
22,702,390251
22,72,40229
22,742,988123
22,751,73371
22,801,975709
22,816,551758
22,816,594834
22,924,1622053
22,924,215830
22,954,1077085
22,967,1397229
23,1021,1538806
23,1082,243426
23,161,732658
23,234,109352
23,29,166199
23,29,242905
23,309,1010765
23,309,1022315
23,33,1317614
23,354,956192
23,46,107353
23,46,1169524
23,46,1296827
23,46,1318437
23,46,1451264
23,46,1496242
23,46,1524943
23,46,193131
23,46,293169
23,46,717089
23,46,847262
23,514,1032379
23,517,441326
23,517,705855
23,521,1217360
23,532,1052237
23,59,292240
23,591,1045039
23,628,185409
23,628,271539
23,628,785774
23,628,972184
23,692,677648
23,701,1020167
23,701,439629
23,701,512304
23,701,569177
23,719,1505174
23,729,166482
23,729,948671
23,738,1131616
23,738,1385677
23,738,1611798
23,738,172231
23,738,285567
23,738,334616
23,738,669559
23,78,1256630
23,823,10851
23,832,558148
23,857,1457446
23,867,829098
23,910,1131179
23,910,1256779
23,910,1347885
23,910,1396688
23,910,1436889
23,910,329636
23,910,533457
23,910,555859
23,910,671736
23,910,823713
23,916,1336152
23,916,341154
23,969,1505047
24,134,1279130
24,165,1312296
24,228,1451479
24,228,816896
24,399,1396318
24,511,1025616
24,511,461563
24,64,1042712
24,729,1273453
24,740,140475
24,763,63411
24,765,1305669
24,801,943060
24,836,1011704
24,836,764233
24,954,1051719
24,954,1168201
25,517,1287893
25,517,1373855
25,603,981295
25,670,960262
25,706,798690
25,729,1089409
25,729,1493560
26,152,1010820
26,270,1473849
26,325,1222862
26,665,1382043
26,772,1362013
26,860,662993
27,1021,1345919
27,1021,137971
27,1021,210417
27,1021,321609
27,1021,875167
27,1021,930409
27,1045,1078164
27,1116,1184647
27,141,542020
27,25,1174128
27,285,1172267
27,363,1206652
27,364,1371318
27,364,1580674
27,581,704896
27,597,632910
27,597,747105
27,653,1563506
27,653,951318
27,671,1156179
27,671,777987
27,671,998360
27,736,356652
27,746,1550068
27,763,203641
27,765,307115
27,807,486225
27,832,607798
27,832,664043
27,836,1113254
27,857,118803
27,924,859139
27,94,950469
27,954,41953
27,995,1378540
28,290,474382
28,383,1084472
28,503,455279
28,76,1165552
28,767,791347
28,832,869763
28,898,216584
28,954,388901
29,1116,1061643
29,1116,1223441
29,1116,1280159
29,1125,585299
29,1125,811076
29,1125,895169
29,744,328871
29,744,462705
29,744,636378
29,987,1294681
29,987,356114
29,987,93702
3,113,1108614
3,120,941322
3,26,105520
3,26,1263162
3,26,1408631
3,26,849353
3,283,50754
3,58,376413
3,58,583985
3,671,1133345
3,729,500430
3,729,514313
3,816,1054299
3,816,1064445
3,832,113204
3,832,1387826
3,832,218031
3,832,462404
3,832,50190
3,832,786864
3,866,1147093
30,1071,1172028
30,108,1170572
30,108,1589826
30,108,306641
30,108,882104
30,170,1223271
30,170,1236391
30,170,1506588
30,170,1852
30,170,211608
30,170,291968
30,170,387585
30,170,658827
30,170,805841
30,170,965808
30,192,812870
30,220,438599
30,29,454840
30,363,582990
30,380,567052
30,427,1508401
30,453,1152388
30,510,1078973
30,510,1085656
30,510,1409340
30,510,141972
30,510,324750
30,510,462313
30,510,531204
30,510,744219
30,510,772656
30,510,823001
30,510,904701
30,510,940354
30,510,941876
30,510,953667
30,586,1033969
30,586,1080169
30,586,1484724
30,586,26432
30,588,832352
30,6,1542530
30,604,1232728
30,623,1325970
30,640,1550022
30,690,1117897
30,690,1263541
30,690,1263786
30,690,1449611
30,690,1493561
30,690,1553882
30,690,1578316
30,690,549655
30,690,552249
30,690,562488
30,690,835723
30,716,353939
30,734,847060
30,805,465075
30,814,1314934
30,814,308062
30,837,861299
30,842,1204144
30,842,496740
30,865,1109488
30,865,307981
30,891,707792
30,921,727799
30,924,932772
30,926,1094569
30,959,75700
30,996,581781
31,1033,1154248
31,1033,1230415
31,1053,1367111
31,1053,1376502
31,1104,989319
31,1129,800252
31,118,999223
31,165,981029
31,214,1463876
31,214,397861
31,214,745132
31,214,848290
31,22,219333
31,234,679810
31,29,278463
31,29,656115
31,372,1514301
31,380,282129
31,383,1512122
31,418,1516866
31,422,74141
31,435,1185010
31,435,1433009
31,435,1491117
31,435,224106
31,435,232763
31,435,256882
31,435,541076
31,435,901647
31,489,1120770
31,507,1129596
31,507,471805
31,507,805980
31,507,949806
31,511,496747
31,531,1623184
31,532,1362133
31,581,1294595
31,581,1457531
31,581,1463216
31,581,280870
31,581,812426
31,588,1041576
31,597,1388293
31,597,843996
31,597,920005
31,620,364256
31,624,20777
31,641,616613
31,660,309807
31,702,254668
31,702,346684
31,702,381107
31,702,712841
31,702,943103
31,718,706291
31,722,608685
31,729,954417
31,78,106897
31,78,1244754
31,78,1537900
31,78,625281
31,78,68141
31,805,119962
31,805,1382798
31,805,139686
31,805,1430377
31,805,339914
31,805,65700
31,805,701805
31,805,876797
31,805,921604
31,810,1262504
31,832,1168655
31,832,347415
31,837,1470287
31,842,983015
31,845,422713
31,886,1379076
31,886,343023
31,886,463729
31,891,468295
31,924,1340964
31,924,1484418
31,924,1589290
31,924,353287
31,924,517504
31,924,528401
31,934,1394048
31,947,149918
31,951,1471043
31,988,1250826
31,999,551264
32,1002,68177
32,1021,350766
32,1096,391756
32,1115,1415700
32,12,387716
32,149,214396
32,192,1099900
32,192,1355832
32,192,1391347
32,192,365881
32,192,996596
32,216,860741
32,221,1309283
32,234,1334242
32,25,549882
32,253,422585
32,259,1586945
32,259,651108
32,294,1335525
32,315,20598
32,316,1109304
32,351,729171
32,372,1107115
32,372,1112553
32,414,1511094
32,417,1596874
32,417,642620
32,435,1276005
32,435,3356
32,435,54063
32,447,350748
32,483,277749
32,491,1281228
32,491,1297514
32,491,1522527
32,491,1611373
32,491,366984
32,491,464427
32,491,555281
32,491,650056
32,491,791034
32,491,965849
32,583,711825
32,588,1529350
32,597,369391
32,805,1524164
32,805,334845
32,807,531411
32,832,1521175
32,861,349759
32,87,1533683
32,892,118909
32,892,127277
32,892,319497
32,901,304529
32,921,1582264
32,921,712778
32,924,114276
32,924,1496965
32,924,1588515
32,924,1610398
32,924,352241
32,924,42956
32,924,525237
32,924,7696
32,924,968470
33,1011,1065741
33,1011,1364173
33,1011,1428279
33,1011,437489
33,1021,1082288
33,1021,1093536
33,1021,1136825
33,1021,1137632
33,1021,1144073
33,1021,1187471
33,1021,1299292
33,1021,1323075
33,1021,1360386
33,1021,1451650
33,1021,1484471
33,1021,1529406
33,1021,173429
33,1021,199865
33,1021,204455
33,1021,242746
33,1021,373136
33,1021,440208
33,1021,591916
33,1021,652711
33,1021,795487
33,1021,844499
33,1021,883602
33,1021,9173
33,1021,95320
33,1021,954077
33,1021,969041
33,1022,645472
33,1043,1448214
33,1066,1354884
33,1066,341055
33,1066,890378
33,1066,925327
33,1071,798327
33,1079,1164099
33,1079,1310000
33,1079,645273
33,1079,925428
33,1079,953603
33,1080,808742
33,1082,1095090
33,11,1522959
33,110,71460
33,1104,1109229
33,1104,114056
33,1104,1374639
33,1104,341475
33,1104,638695
33,1106,76765
33,1109,1554259
33,1116,1140100
33,1116,1144681
33,140,772326
33,142,1106925
33,142,1612854
33,142,858125
33,142,894185
33,142,966143
33,149,186580
33,155,1407719
33,159,1092260
33,175,838306
33,181,1080
33,181,1595999
33,181,258974
33,181,76751
33,181,877965
33,183,625328
33,200,328699
33,203,1026159
33,222,190866
33,228,101250
33,228,1190392
33,228,1217398
33,228,1245123
33,228,1383555
33,228,1478811
33,228,1490970
33,228,1565604
33,228,280123
33,228,306508
33,228,35575
33,228,400843
33,228,617703
33,228,662555
33,228,733072
33,228,895871
33,231,1439616
33,245,266282
33,25,1497792
33,25,369373
33,25,774158
33,25,836010
33,25,87206
33,25,993456
33,262,921008
33,266,796777
33,277,1091864
33,277,1133293
33,277,1170910
33,277,1386437
33,277,1597430
33,277,1622583
33,277,174473
33,277,444913
33,277,453846
33,277,562922
33,277,714417
33,277,856685
33,285,542885
33,285,763650
33,29,397820
33,29,541562
33,29,589469
33,310,156255
33,310,311233
33,310,353098
33,310,947562
33,332,1044316
33,332,1475241
33,332,184196
33,332,964688
33,334,965936
33,348,1170133
33,359,1426117
33,359,952020
33,360,277533
33,363,1104669
33,363,1111785
33,363,1274584
33,363,1374884
33,363,1456368
33,363,1496954
33,363,1514869
33,363,1583745
33,363,1620570
33,363,246358
33,363,409465
33,363,482188
33,363,500268
33,363,556776
33,363,608863
33,363,610417
33,363,613286
33,363,619145
33,363,64325
33,363,686455
33,363,707633
33,363,796951
33,363,871027
33,364,678028
33,371,1453232
33,372,1408283
33,372,1534497
33,372,155047
33,372,208573
33,372,397214
33,377,3765
33,380,1257093
33,380,817449
33,383,1241899
33,383,468524
33,435,1001772
33,435,1120769
33,435,1193169
33,435,1425712
33,442,1137912
33,454,126873
33,461,162716
33,461,539977
33,465,1366197
33,465,143671
33,465,901077
33,48,168955
33,488,8115
33,491,555070
33,503,1402495
33,503,1492308
33,503,1579685
33,503,286758
33,503,789314
33,508,1109826
33,513,1052884
33,513,1501475
33,52,263669
33,521,1506793
33,521,630489
33,533,472876
33,536,234121
33,536,963664
33,545,1123003
33,580,1204928
33,583,209695
33,583,391807
33,583,638394
33,588,1458947
33,588,457469
33,588,906724
33,588,946413
33,597,1004561
33,597,1088695
33,597,1153049
33,597,1265650
33,597,1307359
33,597,132680
33,597,1341257
33,597,1476331
33,597,1515620
33,597,1556176
33,597,1582757
33,597,1595379
33,597,302672
33,597,660409
33,597,739365
33,597,777808
33,597,801201
33,597,911760
33,638,1319426
33,638,1541488
33,638,532356
33,638,643582
33,638,905794
33,641,1258720
33,641,1359432
33,641,823291
33,641,981217
33,653,262725
33,655,242089
33,655,557019
33,673,1295699
33,699,257347
33,729,176652
33,729,411186
33,729,671440
33,729,795764
33,763,1127649
33,765,1070307
33,765,1092117
33,765,1137852
33,765,1155898
33,765,1174662
33,765,1455544
33,765,1572807
33,765,1575011
33,765,258921
33,765,269919
33,765,277409
33,765,559256
33,765,644294
33,765,756226
33,765,878347
33,765,894528
33,765,917983
33,770,1065544
33,784,1173501
33,793,613442
33,799,259532
33,805,1008516
33,805,1143276
33,805,1205784
33,805,1258004
33,805,146346
33,805,764816
33,806,1085255
33,806,1209393
33,806,1265256
33,806,1411705
33,806,1481161
33,806,194877
33,806,277795
33,806,428975
33,806,674894
33,806,746244
33,806,83442
33,806,897912
33,806,950092
33,807,1069078
33,807,634385
33,825,1426667
33,832,1191902
33,832,1238493
33,832,1275024
33,832,1297110
33,832,129867
33,832,484112
33,832,487862
33,832,488643
33,832,502239
33,832,518361
33,832,537976
33,832,673011
33,832,723948
33,832,756016
33,832,964215
33,832,989759
33,832,99385
33,837,1155958
33,843,314099
33,86,1618530
33,868,218680
33,879,1369192
33,879,554480
33,897,1251680
33,914,130025
33,914,1343418
33,914,1394846
33,914,551423
33,914,866649
33,924,1183770
33,924,155300
33,924,1611209
33,924,257363
33,924,444645
33,929,324485
33,934,14905
33,934,44143
33,934,816019
33,953,48398
33,953,81548
33,954,1020747
33,954,1076398
33,954,1497148
33,954,1611468
33,954,550823
33,954,579876
33,993,1296187
34,1012,1038993
34,1012,1079743
34,1012,10928
34,1012,475319
34,1136,615078
34,117,1409831
34,150,695285
34,203,521570
34,230,1186426
34,230,37779
34,230,756644
34,240,537179
34,373,549198
34,386,355016
34,436,506264
34,436,983634
34,643,875406
34,716,704797
34,716,794205
34,761,1534052
34,795,174763
34,795,573721
34,819,1123060
34,819,985470
34,838,1260021
34,838,1568770
34,839,1362583
34,859,132008
34,859,275070
34,859,846072
34,859,87016
34,865,266273
34,865,50648
34,989,1126601
35,102,1304063
35,1042,790189
35,1104,1410606
35,168,171978
35,203,1125525
35,228,510511
35,346,1286786
35,394,1482598
35,58,350405
35,651,1144786
35,729,750217
35,741,116022
35,950,299843
35,991,953711
36,1033,624213
36,104,1580405
36,1093,1424286
36,1104,1428131
36,1109,1156673
36,1109,11979
36,1109,1233045
36,1109,1618217
36,1116,24762
36,155,494149
36,16,1151025
36,174,562087
36,20,179123
36,234,1206148
36,234,31473
36,234,658613
36,260,1145375
36,260,617856
36,260,781428
36,310,65420
36,332,1050619
36,332,577498
36,50,373900
36,537,389101
36,540,83234
36,574,1164230
36,583,719532
36,597,1387204
36,597,1576353
36,610,740136
36,69,1528324
36,729,1058260
36,729,1445482
36,729,227115
36,763,1373092
36,765,219129
36,786,1203201
36,836,1163297
36,92,81365
36,934,25858
36,934,808155
36,954,1134859
37,256,557293
37,256,637000
37,720,58107
38,139,847219
38,249,1201584
38,354,715457
38,683,57864
38,776,578767
39,1032,1331618
39,1033,965542
39,108,125764
39,1104,513841
39,1104,968934
39,119,943560
39,308,943919
39,388,902618
39,430,1062809
39,430,1118485
39,430,117129
39,430,1529753
39,430,1592799
39,430,234285
39,430,590123
39,437,122129
39,445,530408
39,575,1336283
39,615,1052180
39,615,114959
39,615,1414988
39,615,1597963
39,615,22258
39,615,642566
39,729,1006440
39,729,1093860
39,729,1348263
39,729,1472274
39,729,235096
39,729,236089
39,729,238094
39,729,239838
39,729,294568
39,729,324726
39,729,361480
39,729,424481
39,729,558120
39,729,817032
39,729,956021
39,739,700553
39,771,1558949
39,771,19855
39,771,520560
39,771,52763
39,771,721136
39,771,792990
39,777,697825
39,79,1329107
39,891,1484370
4,1032,473896
4,1104,902681
4,477,708710
4,729,297096
4,991,168370
40,1021,1400544
40,1032,1419274
40,1033,1395835
40,1033,630176
40,1118,55956
40,1119,193338
40,165,1332875
40,17,1027601
40,228,1560841
40,244,1364503
40,25,1093922
40,25,1113537
40,25,1272635
40,25,142207
40,25,1563920
40,25,344649
40,25,400834
40,25,45790
40,25,569920
40,25,687970
40,25,865364
40,25,876301
40,260,1032772
40,260,1104556
40,260,1150433
40,28,838705
40,295,1086736
40,306,17663
40,319,1225208
40,332,450270
40,345,1620251
40,348,1239982
40,348,331632
40,348,473464
40,348,812971
40,354,1040512
40,354,1209471
40,354,1238105
40,354,137603
40,354,1385237
40,354,1549655
40,354,287230
40,354,537516
40,354,58785
40,354,816065
40,363,120920
40,363,1501150
40,363,1575094
40,363,329914
40,363,432955
40,363,752941
40,363,770654
40,364,1033080
40,487,1570849
40,487,525276
40,487,641139
40,511,1469867
40,511,575989
40,517,1149830
40,53,926948
40,532,993939
40,540,1043285
40,540,931197
40,549,1121403
40,549,1308907
40,549,243776
40,549,487604
40,549,792004
40,555,1054537
40,557,323583
40,557,741863
40,562,1468782
40,583,81607
40,588,1391277
40,588,722953
40,59,1247933
40,59,447613
40,597,147865
40,597,444336
40,637,25929
40,64,126930
40,64,1276738
40,64,1313593
40,64,161560
40,64,168411
40,64,287379
40,64,317716
40,64,447388
40,64,488864
40,64,859806
40,64,91721
40,656,436467
40,71,1393850
40,729,1508981
40,729,1613862
40,729,175900
40,729,530697
40,729,556237
40,729,886049
40,772,229434
40,805,988495
40,81,956854
40,810,874999
40,832,921078
40,857,98760
40,862,344358
40,890,1072208
40,890,144459
40,890,200552
40,890,590880
40,910,457565
40,910,632534
40,924,1337226
40,924,962733
40,988,1302122
40,988,1402490
40,988,1623961
40,988,817158
41,1014,1046649
41,1021,1026054
41,1021,1185337
41,1021,486006
41,1021,933681
41,1032,133536
41,1032,610449
41,1033,1219792
41,1033,26429
41,1033,941369
41,1035,1381664
41,1046,1227170
41,1092,1483247
41,1104,1135614
41,1104,963348
41,1109,1570597
41,1109,238020
41,1109,453482
41,1116,1044701
41,1116,160864
41,1116,468070
41,14,1258633
41,141,1066120
41,141,1517776
41,141,315968
41,165,436930
41,183,1209310
41,193,1527148
41,203,1525133
41,203,578475
41,203,760300
41,21,1020490
41,234,1366385
41,234,784639
41,25,1021058
41,262,182756
41,262,524195
41,310,1519538
41,310,442187
41,315,753588
41,332,729285
41,334,364045
41,334,514512
41,35,1106304
41,353,43528
41,353,647597
41,363,1091414
41,363,147633
41,363,292682
41,363,387646
41,363,451781
41,363,516149
41,363,550577
41,363,593765
41,363,690097
41,363,705169
41,363,73592
41,363,799774
41,363,899544
41,364,1254169
41,371,349193
41,371,973821
41,380,1039358
41,380,1299522
41,380,1328010
41,380,1395671
41,380,273320
41,380,29183
41,380,676945
41,380,685492
41,380,88075
41,380,931857
41,380,97839
41,383,795252
41,412,1474350
41,420,1230760
41,435,1158783
41,435,174030
41,435,74589
41,439,1087742
41,45,1448077
41,464,681219
41,466,39681
41,486,525317
41,503,829593
41,509,981491
41,511,1532072
41,511,49114
41,513,1348964
41,513,751734
41,517,1007202
41,517,1031426
41,517,1135464
41,517,589411
41,517,590567
41,517,605135
41,517,787705
41,517,936719
41,521,652677
41,532,1574391
41,549,125972
41,568,581012
41,580,1433108
41,588,1067725
41,588,864912
41,597,1166390
41,597,1393988
41,597,386602
41,597,388945
41,597,459926
41,597,52482
41,597,604971
41,597,724727
41,597,74445
41,597,748115
41,597,867088
41,64,165721
41,641,754073
41,643,735157
41,674,707410
41,701,1154313
41,705,1351781
41,705,1535794
41,706,1357451
41,729,1000790
41,729,194804
41,729,431468
41,729,552266
41,729,759316
41,729,882098
41,730,553551
41,749,167608
41,762,1437944
41,763,1496513
41,770,1165258
41,770,1355850
41,770,196701
41,770,416835
41,770,532828
41,770,791895
41,770,819340
41,770,842868
41,770,897045
41,770,950813
41,772,1235190
41,786,1259092
41,801,1211707
41,805,1398390
41,807,1575504
41,807,1621238
41,818,982069
41,832,855163
41,833,430756
41,837,1215923
41,857,1122930
41,857,145571
41,857,1601840
41,857,298482
41,857,333526
41,857,499699
41,857,568982
41,884,1175470
41,915,502801
41,922,669862
41,924,1388446
41,938,809626
41,939,449970
41,954,1321635
41,954,1531250
41,954,196706
41,954,253941
41,954,637221
41,954,728522
41,97,410984
42,1010,1369075
42,1041,1203070
42,1041,1342209
42,1104,650183
42,12,550808
42,154,1554388
42,291,1080026
42,322,1328827
42,350,937589
42,380,894911
42,400,1199220
42,416,805030
42,490,1489949
42,508,1022545
42,508,295252
42,543,273870
42,729,1115248
42,752,850474
42,776,670731
42,825,1163274
42,825,689490
42,921,1589725
42,924,1325071
42,954,1046817
43,1001,170304
43,1021,1039109
43,1021,179884
43,1021,207212
43,1021,331045
43,1026,1202955
43,1032,1114883
43,1033,414674
43,108,1161527
43,1080,854748
43,1082,151042
43,1104,1359726
43,1109,1314275
43,1116,371688
43,1116,889880
43,165,1228369
43,234,124172
43,234,165356
43,260,1434284
43,260,1458277
43,291,348493
43,291,649419
43,291,785314
43,296,601016
43,296,913776
43,334,1170363
43,354,1419279
43,363,1224982
43,363,1394221
43,363,173043
43,363,222663
43,363,226026
43,363,268343
43,363,323744
43,372,713431
43,380,1045651
43,383,618331
43,435,341871
43,457,1004874
43,461,1388832
43,461,802481
43,466,1300002
43,466,1420797
43,466,55522
43,466,569935
43,466,880225
43,466,889389
43,486,1330383
43,501,594217
43,532,234992
43,549,471941
43,549,632010
43,581,715783
43,588,781118
43,597,1033150
43,597,683642
43,597,955994
43,63,1608555
43,675,728539
43,69,523590
43,69,798694
43,696,1550885
43,729,273151
43,729,84663
43,736,1568953
43,736,280155
43,736,311161
43,736,916621
43,736,925143
43,736,980052
43,763,1161578
43,763,1189983
43,763,1475205
43,763,909138
43,770,1135981
43,807,1189095
43,807,814806
43,820,260510
43,837,391130
43,849,659256
43,882,1486985
43,910,380600
43,97,1401672
43,988,350151
43,996,1064041
44,1052,118392
44,1052,1280904
44,1052,178250
44,1071,1105007
44,1099,169208
44,1104,1573057
44,128,1095012
44,128,1238400
44,128,362822
44,128,434350
44,128,441737
44,128,615529
44,128,648100
44,128,800061
44,24,1133648
44,24,276200
44,264,1215920
44,264,1483998
44,264,307771
44,264,95906
44,363,1124143
44,363,145506
44,363,150420
44,363,254845
44,364,8042
44,371,740344
44,398,143724
44,409,1436986
44,409,49378
44,409,520104
44,438,1251238
44,580,1309689
44,580,1390902
44,627,1328514
44,648,729604
44,677,334053
44,677,340852
44,677,848661
44,701,237819
44,701,521299
44,701,564286
44,701,965238
44,707,687265
44,729,132843
44,729,1367364
44,729,1412269
44,729,1473839
44,729,171286
44,729,182761
44,729,401520
44,729,441928
44,765,987341
44,832,1054791
44,832,117828
44,832,1364362
44,832,1541369
44,832,528579
44,832,552881
44,832,615949
44,832,92990
44,857,1030455
44,857,1471855
44,857,363748
44,857,438365
44,857,444826
44,857,459973
44,857,626969
44,857,67336
44,873,144682
44,933,1390849
45,1116,1008703
45,1116,1455014
45,1116,824715
45,1125,1611088
45,1125,201825
45,1125,938843
45,744,305568
45,744,627870
45,744,883309
45,987,1367154
45,987,404912
45,987,61802
46,1021,680343
46,103,769201
46,1032,1346
46,1032,562808
46,1076,1122836
46,1108,155980
46,1109,663303
46,143,522077
46,165,1333031
46,165,358565
46,203,377294
46,203,414253
46,203,529823
46,203,945961
46,207,476520
46,209,1328214
46,228,385938
46,235,573784
46,301,698453
46,347,346686
46,352,857805
46,357,848309
46,360,505393
46,371,530951
46,372,667484
46,394,759565
46,403,1178872
46,403,960823
46,494,679195
46,500,880751
46,500,950956
46,532,1423118
46,588,1253915
46,601,312372
46,612,331244
46,612,485199
46,68,309454
46,685,535088
46,688,1510542
46,729,345758
46,729,551591
46,788,570650
46,805,1299256
46,806,772167
46,809,1417527
46,810,1428760
46,810,1538181
46,820,1089262
46,857,662092
46,887,1037431
46,924,826417
46,981,1165482
46,988,355589
47,1017,1000264
47,1017,1542057
47,1021,1104916
47,1021,1328787
47,1021,1604746
47,1021,168993
47,1021,282653
47,1021,377075
47,1021,414472
47,1021,418659
47,1021,426772
47,1021,719860
47,1021,960409
47,1021,967116
47,1031,1035527
47,1032,408552
47,1045,1377315
47,1101,1301878
47,1101,1519560
47,1112,1065682
47,1112,13951
47,1114,49688
47,1116,1489816
47,1116,578648
47,1134,1068279
47,156,1572041
47,160,770822
47,192,498115
47,205,887117
47,252,1100982
47,252,1414245
47,336,212801
47,363,1352121
47,363,1440764
47,363,202754
47,363,348998
47,363,424787
47,363,429272
47,363,507003
47,363,680125
47,363,779024
47,363,909821
47,364,1526332
47,372,132640
47,372,768374
47,372,788446
47,374,1173594
47,415,444017
47,415,822696
47,435,1529022
47,435,242258
47,435,61188
47,435,923401
47,449,305039
47,461,1031438
47,461,1477096
47,461,651904
47,477,91987
47,486,1567805
47,486,412497
47,486,7060
47,486,858752
47,492,616248
47,503,583493
47,513,1215748
47,513,450154
47,532,1129188
47,540,1417498
47,583,1520773
47,585,42911
47,59,1360087
47,597,1587358
47,597,349763
47,597,452358
47,597,85245
47,597,857515
47,699,271976
47,729,1227590
47,729,704346
47,729,842049
47,729,924375
47,746,1504238
47,765,1262200
47,770,1115723
47,772,412816
47,783,164619
47,790,1463759
47,800,1324478
47,805,816587
47,805,966638
47,807,144144
47,807,377351
47,81,23893
47,842,1443767
47,91,1281601
47,91,1327908
47,91,629916
47,924,328498
47,924,562887
48,1084,735682
48,389,51837
48,706,1586191
48,729,1371703
48,729,940049
48,780,713808
48,857,1459777
48,857,183519
48,919,1309207
48,924,725320
49,1003,937166
49,1104,1445971
49,1142,410352
49,192,1425130
49,209,1147360
49,225,785711
49,435,734979
49,539,714149
49,612,976135
49,639,567421
49,639,999134
49,755,432126
49,755,535422
49,924,824730
49,924,993758
49,934,1132447
5,1,1016516
5,1,460058
5,1007,1024773
5,1007,1176930
5,1018,34437
5,1021,621480
5,1021,707492
5,1055,321737
5,1070,1076926
5,1070,1479770
5,1070,322773
5,1070,324156
5,1071,588463
5,1073,959388
5,1075,1616352
5,1075,593739
5,108,1220154
5,108,384698
5,108,685526
5,1117,417057
5,1120,1387316
5,12,1272493
5,12,21124
5,12,401947
5,121,1488827
5,121,983664
5,144,1130593
5,144,1265527
5,144,1593485
5,151,1159637
5,167,432000
5,170,1193531
5,170,625208
5,170,627651
5,237,160875
5,238,956196
5,267,1358728
5,280,1031226
5,318,1066218
5,327,1089058
5,349,1615593
5,354,1281181
5,366,1352480
5,428,822606
5,444,15351
5,49,1036937
5,49,426415
5,510,837437
5,517,901027
5,548,1054619
5,549,1527703
5,561,482095
5,570,230933
5,570,527550
5,583,1299322
5,586,1151144
5,586,1413799
5,586,1496199
5,586,165110
5,586,389601
5,586,454899
5,586,971696
5,59,866894
5,59,926006
5,61,385463
5,639,1288282
5,639,1364111
5,639,1399721
5,639,1417740
5,639,1453575
5,639,1551707
5,639,1590343
5,639,750568
5,649,1587638
5,662,272226
5,669,143632
5,670,621308
5,672,922884
5,695,527511
5,709,791971
5,729,1445807
5,729,1511800
5,729,1619904
5,729,361218
5,729,365107
5,729,428491
5,729,623619
5,729,640780
5,743,1509745
5,765,56664
5,765,948499
5,77,1081918
5,772,978600
5,805,106945
5,805,1591248
5,810,863292
5,831,265934
5,84,1154883
5,841,1623788
5,865,1111417
5,865,1282634
5,894,588632
5,910,1405345
5,910,1445873
5,924,1390094
5,924,1434137
5,924,371692
5,924,378004
5,924,422776
5,924,485354
5,924,630968
5,924,816440
5,924,954719
5,990,997978
5,996,511953
50,108,1504369
50,258,970237
50,435,1571553
50,660,1311441
50,805,1538965
50,837,1511340
50,932,1157236
51,1032,525589
51,1082,479924
51,1088,78563
51,11,1212889
51,11,466351
51,11,840681
51,1146,1394488
51,185,1031505
51,256,100072
51,256,114368
51,256,1182296
51,256,1317274
51,256,30055
51,256,35908
51,256,380691
51,256,652546
51,256,961316
51,281,1569432
51,281,266828
51,380,1345698
51,511,1571332
51,532,385429
51,583,1228159
51,583,1386913
51,583,192871
51,583,721467
51,791,1027194
51,791,370999
51,791,504693
51,902,58864
51,988,1073973
51,988,1094471
51,988,1370178
51,988,353441
52,1110,205698
52,1110,548577
52,1110,614828
52,1110,660248
52,1110,665206
52,1110,748736
52,116,814594
52,29,1454802
52,291,139099
52,291,1464663
52,423,1497398
52,478,1157219
52,529,130541
52,529,415452
52,529,621312
52,591,981151
52,729,1318217
52,832,1331833
52,846,799092
52,855,1351887
52,856,715380
53,1055,341142
53,108,1113355
53,234,1157441
53,284,1505682
53,29,919992
53,309,1031165
53,309,681464
53,33,1018600
53,46,1073625
53,46,1080029
53,46,1134722
53,46,1228665
53,46,1310993
53,46,1311468
53,46,1385183
53,46,179226
53,46,609420
53,46,840078
53,46,970970
53,517,1115347
53,517,1603587
53,517,649312
53,517,967365
53,521,1038766
53,532,746889
53,628,1010598
53,628,1314949
53,628,16756
53,628,66170
53,691,1205094
53,701,1260283
53,701,1349577
53,701,529512
53,701,797160
53,729,1143718
53,729,1499518
53,729,410662
53,729,787286
53,738,1378289
53,738,1567468
53,738,823253
53,738,910743
53,738,949999
53,738,974681
53,738,98669
53,823,1131426
53,867,291341
53,910,1285145
53,910,1323651
53,910,1544787
53,910,1613179
53,910,504646
53,910,531897
53,910,541760
53,910,896764
53,916,1489081
53,916,27889
54,1012,487432
54,1012,789343
54,1012,892663
54,1012,898412
54,1104,1296969
54,1136,119277
54,117,803294
54,169,1445553
54,203,712819
54,230,1106506
54,230,16123
54,240,231379
54,373,562817
54,386,433229
54,436,1497669
54,485,38408
54,510,186422
54,643,210964
54,716,23892
54,716,805222
54,761,213661
54,795,1065472
54,795,408762
54,819,1542194
54,838,1009675
54,838,1202492
54,859,1372004
54,859,1502959
54,859,1577286
54,859,217560
54,865,581220
54,865,933575
54,873,1151122
55,1069,468621
55,108,422237
55,291,688946
55,291,857314
55,291,893704
55,310,1152240
55,310,728045
55,364,1217879
55,464,30730
55,513,652934
55,653,606964
55,710,871341
55,729,1283563
55,729,1398009
55,729,1618272
55,729,447294
55,729,581756
55,729,608985
55,811,381114
55,954,1141097
55,954,1148755
55,954,24310
55,954,651931
56,1021,201729
56,1028,1525192
56,1064,71479
56,1065,911656
56,1116,60586
56,156,429540
56,20,1610684
56,20,5180
56,204,670121
56,310,1074637
56,310,1226000
56,463,1584466
56,557,852451
56,583,1352430
56,597,1080212
56,597,191034
56,597,936186
56,69,186727
56,729,766176
56,736,963777
56,747,963892
56,763,1161873
56,763,159426
56,763,817760
56,763,842050
56,763,924894
56,769,1515522
56,807,109545
56,840,318250
56,897,35029
56,954,1031695
56,954,1465722
56,954,861871
57,1013,1177552
57,1034,505845
57,1116,1236543
57,1122,660573
57,126,451595
57,179,506121
57,29,293193
57,340,13072
57,358,1402143
57,508,1586476
57,549,1196025
57,597,602305
57,614,1261040
57,614,1462791
57,614,939391
57,70,584836
57,748,1426389
57,805,343432
57,827,1267327
57,832,1482083
57,898,1024528
57,898,744679
57,965,365516
57,967,903104
58,1013,299482
58,1078,1577067
58,108,648678
58,1104,421254
58,1109,24492
58,1116,1026146
58,126,96897
58,179,843348
58,187,166082
58,220,742548
58,234,730910
58,29,604659
58,291,632044
58,348,1359145
58,358,1486822
58,372,457267
58,380,1550191
58,508,872204
58,549,1272146
58,564,1060744
58,597,728975
58,614,261712
58,614,435547
58,70,1624845
58,748,971487
58,805,358743
58,811,767586
58,827,1446431
58,832,1134992
58,898,800253
58,954,904536
58,967,1133860
59,1109,61363
59,1133,1334753
59,165,104325
59,165,1113292
59,165,221130
59,469,1411858
59,636,1487280
59,636,1580115
59,678,1311342
59,986,1023163
59,986,126733
59,986,208548
59,986,321576
59,986,328800
59,986,451947
59,986,519619
59,986,539096
59,986,687509
59,986,696967
59,986,830521
59,986,885634
59,986,96240
6,155,309532
6,155,79611
6,729,1179043
6,729,1282054
6,785,1205603
6,785,1486200
60,1021,1486033
60,1032,1370687
60,1033,986305
60,1041,320712
60,1059,245213
60,1085,867393
60,1098,267581
60,1104,1179079
60,1104,1194935
60,1104,796640
60,1109,1239855
60,1116,119252
60,1116,1512580
60,1141,1127460
60,118,981777
60,123,422316
60,144,579645
60,18,788772
60,192,1187508
60,192,1206217
60,203,792073
60,212,630420
60,214,203445
60,214,683888
60,216,275837
60,229,568892
60,234,1027786
60,240,1360137
60,272,901152
60,29,1105431
60,29,1427611
60,29,587341
60,29,967902
60,294,508259
60,294,739984
60,31,1575034
60,310,1086429
60,317,478095
60,323,355591
60,338,1350780
60,363,1539531
60,368,1092182
60,372,1266453
60,372,530980
60,380,1045645
60,380,1341641
60,380,1376601
60,380,1379536
60,380,335553
60,380,536976
60,380,565290
60,380,63459
60,380,793464
60,383,871092
60,435,1362564
60,435,539427
60,435,779860
60,450,282163
60,477,558538
60,484,788848
60,490,1130549
60,490,1293611
60,490,509775
60,490,580755
60,490,775389
60,494,1376001
60,503,1266105
60,503,219283
60,510,465215
60,518,634077
60,519,21092
60,530,599222
60,538,1277366
60,57,803648
60,576,1121072
60,581,168688
60,583,359096
60,583,847620
60,59,1114296
60,59,306299
60,597,124299
60,597,574329
60,60,787610
60,606,1491196
60,626,655834
60,627,1319992
60,627,755698
60,627,95624
60,632,954099
60,635,245384
60,644,1372662
60,644,356038
60,697,164715
60,697,58809
60,697,906712
60,702,718244
60,729,1068836
60,729,1476696
60,729,246702
60,729,489630
60,729,508656
60,756,1032310
60,756,916138
60,758,441352
60,782,1120050
60,805,258075
60,805,620403
60,805,927236
60,805,951811
60,805,96178
60,807,857122
60,820,1496569
60,832,338497
60,832,637216
60,832,691196
60,837,476063
60,842,1090715
60,842,345648
60,857,183355
60,857,893053
60,872,234095
60,873,243878
60,886,238373
60,888,1232030
60,888,1565486
60,900,1499247
60,910,1419006
60,921,936360
60,923,894787
60,924,813629
60,934,1187003
60,934,1187205
60,934,1202726
60,934,1400066
60,951,1351626
60,982,219592
61,1021,1342615
61,1021,273194
61,1021,836197
61,59,497233
61,910,646456
62,1005,1509490
62,1005,623605
62,1036,944814
62,1045,1373352
62,1057,985926
62,11,1033859
62,11,468095
62,1104,55109
62,1116,910526
62,1121,1422951
62,1121,529037
62,15,863330
62,15,995158
62,162,273786
62,175,1170805
62,29,1079698
62,291,823891
62,30,319260
62,325,1015466
62,360,1149493
62,360,270319
62,363,1105696
62,363,1119463
62,363,567627
62,363,629309
62,363,640924
62,363,784651
62,363,860995
62,367,353350
62,372,1401975
62,372,1549809
62,391,1002620
62,391,1078244
62,391,1190285
62,401,285345
62,419,177294
62,476,224838
62,493,230845
62,503,588146
62,503,805876
62,504,1472867
62,510,111903
62,510,795032
62,521,117972
62,521,1292347
62,521,189553
62,521,440388
62,521,676243
62,525,1510362
62,532,1067744
62,549,752585
62,597,189523
62,597,510165
62,597,741932
62,597,76624
62,597,995097
62,629,912193
62,630,442871
62,757,416025
62,765,1085185
62,765,690176
62,765,899846
62,796,200051
62,8,686587
62,805,1024666
62,805,173241
62,805,737900
62,807,564133
62,81,1282226
62,832,1038594
62,832,369761
62,832,480726
62,832,850756
62,873,1075904
62,885,840396
62,895,726574
62,895,906420
62,906,1303676
62,906,257810
62,909,649091
62,944,629071
62,945,608870
62,962,1477679
62,962,398727
62,962,895541
62,984,1550113
62,984,877243
62,99,299231
62,996,907422
63,1033,1106376
63,1037,23105
63,1061,1562595
63,1063,706066
63,1065,1250866
63,108,1021572
63,108,1036888
63,108,1566496
63,108,245303
63,108,364752
63,108,548736
63,108,572611
63,108,929400
63,1104,32955
63,144,1202812
63,144,248656
63,144,313235
63,227,1544932
63,234,399865
63,27,572358
63,27,718634
63,310,464818
63,348,547984
63,383,1308042
63,510,1544943
63,510,863775
63,510,867838
63,561,280135
63,564,77931
63,59,403637
63,614,274965
63,614,426242
63,633,1504930
63,729,1346949
63,729,673326
63,729,798186
63,729,816788
63,729,86649
63,789,1431160
63,811,954830
63,814,564158
63,814,961591
63,835,381970
63,880,438142
63,891,474907
63,954,406798
63,969,362795
64,1062,412201
64,108,280382
64,1113,639235
64,1116,702756
64,1126,242826
64,1145,937139
64,214,1513816
64,220,235518
64,363,949004
64,435,1229962
64,435,313009
64,441,290579
64,503,1441426
64,508,1240978
64,614,1561394
64,634,1557324
64,729,1342315
64,805,1105135
64,813,168700
64,814,1185382
64,821,1132981
64,891,1456541
65,1005,1571170
65,1021,1578916
65,1097,117834
65,113,876574
65,120,581772
65,240,685378
65,26,1342677
65,26,445887
65,276,12207
65,276,1447033
65,48,89452
65,512,603112
65,58,1119661
65,58,866273
65,671,1500527
65,702,1056520
65,702,1124439
65,702,127355
65,702,42971
65,702,82991
65,729,606238
65,729,944460
65,816,443125
65,816,892014
65,832,1085588
65,832,1468574
65,832,1608316
65,832,24409
65,832,251682
65,832,434725
65,910,458999
65,910,836574
65,924,1384764
65,924,1430180
65,924,157695
65,924,196443
65,924,566822
65,924,718237
66,108,202148
66,234,1260983
66,234,1502554
66,234,425626
66,234,694459
66,310,1518093
66,364,972397
66,461,1376732
66,461,243420
66,464,4537
66,486,1403452
66,5,1405597
66,542,579407
66,544,53622
66,59,1537788
66,639,1244990
66,729,444965
66,729,52033
66,729,529810
66,729,916352
66,954,174474
66,954,594793
67,10,104570
67,107,806729
67,1084,1015872
67,1116,1394651
67,183,1007576
67,203,646355
67,255,803886
67,307,295919
67,35,146839
67,384,1109533
67,729,224151
67,729,451239
67,857,1300226
67,857,973307
68,1005,967741
68,20,1288547
68,24,174568
68,278,263691
68,311,1616262
68,523,388607
68,597,1006247
68,69,709352
68,702,1114616
68,763,1454023
68,782,1237695
68,807,479010
68,836,1475781
68,870,1003350
68,924,1473493
68,924,639529
69,1000,104213
69,1016,1223794
69,1019,772049
69,102,267007
69,1021,1104697
69,1021,20453
69,1021,539988
69,1029,74294
69,1032,1225961
69,1033,1131496
69,1033,699000
69,1035,467617
69,1039,1260553
69,1045,376289
69,1045,416857
69,1071,903026
69,1095,249636
69,11,1445461
69,11,716503
69,1103,1351582
69,1104,1064569
69,1104,634260
69,1104,908049
69,1109,1235830
69,1109,1413329
69,1109,1562607
69,1109,440881
69,1116,1098036
69,1116,1410091
69,1116,1591850
69,1116,548054
69,1116,672428
69,1116,780797
69,1116,794154
69,1116,959088
69,114,615191
69,119,1584177
69,139,867762
69,157,292754
69,165,1577380
69,175,250452
69,175,276011
69,192,1246715
69,192,514940
69,20,1475902
69,203,519312
69,228,717108
69,234,758436
69,242,1410422
69,25,1336407
69,25,1538280
69,25,1576986
69,25,262022
69,25,681937
69,262,1093685
69,262,371316
69,269,1207508
69,279,1415602
69,285,638706
69,29,218323
69,29,458261
69,291,1404662
69,291,698659
69,292,762603
69,297,1607183
69,312,487465
69,315,1168071
69,325,798929
69,337,132749
69,341,193885
69,354,1042554
69,354,1126922
69,363,1002100
69,363,1350997
69,363,1506611
69,363,315588
69,363,402564
69,363,584817
69,363,712724
69,363,936052
69,364,1223662
69,364,1422549
69,365,1436123
69,371,1437295
69,371,38273
69,372,1237070
69,372,166801
69,372,515049
69,380,1111361
69,380,1443644
69,380,1456271
69,380,437540
69,380,490982
69,380,772148
69,383,1304212
69,386,132233
69,386,178957
69,386,932159
69,390,1570215
69,402,1358251
69,402,263197
69,435,1382924
69,435,169565
69,435,483420
69,456,201834
69,470,494600
69,486,135956
69,486,204042
69,486,574256
69,494,482389
69,503,135547
69,511,1157732
69,513,335226
69,517,1007616
69,521,1500156
69,532,1346125
69,532,1350026
69,532,397753
69,549,1434021
69,56,915785
69,581,1261081
69,588,1234632
69,588,399452
69,588,518025
69,592,1208909
69,596,1198173
69,597,1307973
69,597,1513471
69,597,185170
69,597,281490
69,597,291724
69,597,620144
69,597,734692
69,597,821273
69,597,923192
69,612,51099
69,641,1529286
69,641,327103
69,653,1342113
69,653,908678
69,666,1442239
69,69,625754
69,699,849002
69,706,1064631
69,706,1176596
69,706,131974
69,706,354547
69,706,386183
69,706,623429
69,706,857501
69,729,1387294
69,729,335045
69,733,1331145
69,759,36054
69,763,1056111
69,765,96864
69,770,1499117
69,793,546964
69,805,469969
69,805,867237
69,807,1267554
69,807,1431636
69,807,1443130
69,807,160682
69,807,456385
69,807,670676
69,807,835573
69,807,887512
69,81,1168001
69,81,1425693
69,810,423026
69,820,435572
69,822,951322
69,832,1579546
69,832,1587862
69,832,293368
69,832,297468
69,832,631311
69,836,121108
69,837,1037597
69,837,188141
69,837,837914
69,842,1436363
69,842,204881
69,857,479244
69,873,1287167
69,873,434272
69,9,1120270
69,905,656322
69,906,822592
69,924,449893
69,924,490807
69,924,624786
69,934,1549042
69,934,203471
69,934,55924
69,934,796141
69,938,488091
69,939,896390
69,94,699530
69,954,1249375
69,954,1510891
69,966,652462
69,975,683335
7,1038,676271
7,1045,899812
7,1048,772703
7,108,664641
7,1094,1277167
7,11,1416477
7,11,1619056
7,11,344020
7,1103,796708
7,1104,7099
7,1107,1302734
7,1109,555972
7,1116,1542277
7,129,857221
7,132,1525963
7,156,695663
7,168,971250
7,172,770799
7,192,570503
7,195,462936
7,220,1099340
7,220,129742
7,220,487699
7,234,146233
7,234,1562451
7,234,571602
7,234,738761
7,240,619575
7,242,1568164
7,254,106304
7,254,1135140
7,254,1409868
7,254,1518255
7,254,332272
7,254,507090
7,257,1607605
7,260,1423701
7,260,868172
7,27,681618
7,275,168584
7,291,3891
7,3,102260
7,314,115724
7,348,628922
7,363,1043037
7,363,1358406
7,363,1407064
7,363,1476332
7,363,1541075
7,363,252847
7,363,28029
7,363,445362
7,363,597681
7,363,87910
7,363,928212
7,363,940615
7,364,1119737
7,364,211469
7,371,1555826
7,371,306317
7,380,130355
7,382,108823
7,39,3978
7,405,1573629
7,414,243683
7,414,705176
7,425,1536897
7,431,1116871
7,435,388702
7,461,1007538
7,461,1058048
7,461,1119201
7,461,1156074
7,461,1255675
7,461,1474622
7,461,1552927
7,461,401118
7,462,269475
7,466,1035725
7,466,1228484
7,466,1383086
7,466,39573
7,466,455402
7,466,705674
7,466,740990
7,486,469525
7,503,1165334
7,503,191276
7,51,254176
7,510,131403
7,510,1460998
7,510,31737
7,510,605891
7,510,693631
7,520,1564967
7,532,994087
7,540,213908
7,549,739508
7,567,881637
7,57,1097299
7,583,1374914
7,590,1286647
7,595,205777
7,597,1086740
7,597,625079
7,602,1422530
7,614,920303
7,645,1040731
7,653,107716
7,66,1098052
7,69,515235
7,694,370855
7,702,1173956
7,729,32728
7,729,75198
7,731,48090
7,750,1007093
7,754,610596
7,770,158364
7,770,465944
7,774,685326
7,803,249080
7,805,730784
7,814,1445040
7,837,489553
7,849,1059926
7,876,1317209
7,891,789423
7,928,617432
7,94,726705
7,948,430128
7,996,446397
70,1014,1265950
70,1021,136492
70,1021,81444
70,1032,1385298
70,1032,158593
70,1032,1608839
70,1032,64592
70,1033,1118834
70,1033,112143
70,1033,380879
70,1033,529954
70,1033,734448
70,1072,1307974
70,1086,1540378
70,1090,801844
70,1104,280501
70,1104,706750
70,1109,1039182
70,1123,1592186
70,1141,737090
70,1143,779132
70,180,1180606
70,217,1412259
70,228,1530401
70,234,151002
70,28,448349
70,286,950111
70,29,1353821
70,29,768892
70,310,1151538
70,320,1063574
70,353,1326631
70,363,956477
70,364,295445
70,371,1122796
70,372,321783
70,372,854815
70,380,1016345
70,380,1061914
70,380,1117400
70,380,1475349
70,380,231169
70,380,283076
70,380,571
70,380,612143
70,380,795715
70,380,916956
70,383,1194743
70,383,779610
70,40,919768
70,435,1111442
70,435,125967
70,435,1563370
70,435,393385
70,435,396367
70,435,570867
70,435,615725
70,435,903556
70,440,214236
70,440,295560
70,471,629906
70,503,491726
70,503,905327
70,511,144135
70,511,1495301
70,513,559623
70,515,1443928
70,517,1168709
70,517,118150
70,517,159366
70,517,744399
70,517,956929
70,528,886982
70,538,1342887
70,538,1352632
70,538,241108
70,538,377549
70,538,895694
70,540,802237
70,581,1160191
70,583,911420
70,588,879360
70,597,1057351
70,597,128025
70,597,1352532
70,597,1464362
70,597,392256
70,597,484085
70,597,564438
70,597,598759
70,597,868814
70,597,894924
70,62,89530
70,622,349968
70,622,482321
70,622,834580
70,627,1516118
70,627,1587589
70,627,323524
70,627,381700
70,663,785713
70,667,3821
70,702,1059546
70,702,1278327
70,702,1474584
70,702,382068
70,702,630619
70,702,679362
70,702,739103
70,723,887673
70,729,119846
70,729,1202748
70,729,1239383
70,756,415306
70,760,1117544
70,772,1012468
70,773,51578
70,776,1023094
70,776,1292858
70,776,964562
70,792,832626
70,805,1042483
70,805,1187090
70,805,243930
70,805,36398
70,805,398923
70,805,444378
70,805,497445
70,805,544739
70,805,804937
70,815,1105988
70,819,847565
70,832,1334937
70,832,1622572
70,832,436353
70,832,522845
70,857,1389829
70,857,1587207
70,857,159760
70,857,341584
70,857,41748
70,857,545941
70,857,713725
70,86,1596414
70,869,405429
70,874,205019
70,878,617884
70,910,394403
70,924,1151066
70,924,1166488
70,924,1318141
70,924,1575083
70,924,699231
70,924,711918
70,934,249434
70,945,1144992
70,975,833534
70,979,548499
71,1002,101099
71,1002,1031104
71,1002,515494
71,1021,1095601
71,1021,1365873
71,1027,831872
71,1032,1082927
71,1032,1620290
71,11,881242
71,1109,1377035
71,1109,1401301
71,1109,647027
71,1116,1204930
71,112,1400483
71,1147,5338
71,1147,668636
71,12,282973
71,12,294902
71,146,651119
71,149,1081775
71,149,466329
71,164,112182
71,165,43337
71,192,1014547
71,192,1072836
71,192,1139757
71,192,1173485
71,192,1315336
71,192,1318792
71,192,1385081
71,192,1449069
71,192,1450840
71,192,269025
71,192,301108
71,192,33202
71,192,351529
71,192,437531
71,192,459255
71,192,572308
71,192,717658
71,192,81993
71,192,830377
71,192,96016
71,216,1127133
71,216,119354
71,216,624060
71,217,1305166
71,217,230450
71,220,1001649
71,220,112282
71,220,121417
71,225,1226761
71,234,409858
71,234,796814
71,259,1230020
71,259,1362919
71,259,788299
71,298,895138
71,308,554436
71,343,1525060
71,343,1611964
71,343,400072
71,343,542228
71,343,704498
71,343,825107
71,379,656931
71,417,890496
71,435,1185296
71,435,315121
71,435,452044
71,467,1325640
71,475,1340171
71,49,1390565
71,49,181564
71,491,1029491
71,491,291229
71,491,539869
71,491,54615
71,491,674981
71,491,887293
71,503,1062663
71,510,1368118
71,510,1412448
71,510,1451609
71,510,220331
71,510,436466
71,537,500211
71,588,984110
71,594,1053733
71,595,735706
71,597,250680
71,605,1109440
71,614,1065355
71,614,1488831
71,614,810942
71,650,474655
71,653,1452127
71,679,1182277
71,717,738677
71,725,188302
71,729,622850
71,729,633075
71,729,732635
71,765,356975
71,772,1353479
71,774,171275
71,777,608296
71,797,855661
71,805,1355166
71,807,18657
71,807,732506
71,807,8287
71,829,487326
71,837,1140255
71,837,657750
71,854,994075
71,858,1322741
71,87,593472
71,892,136003
71,892,1564933
71,892,99529
71,921,1198351
71,921,431252
71,921,936417
71,924,1153773
71,924,1366398
71,924,1562745
71,924,406589
71,924,558270
71,924,767122
71,934,1246882
71,934,421142
71,934,618693
71,945,1269824
71,958,1045712
71,958,273100
71,958,51210
71,958,791429
71,958,915217
71,958,963797
71,974,1084566
72,100,731524
72,1009,22870
72,101,1427502
72,1032,1041740
72,1041,132442
72,1041,1449062
72,1041,763100
72,1098,15818
72,1104,1288164
72,1104,394784
72,1109,1409119
72,1109,21079
72,1109,444330
72,1116,1375452
72,1127,1321220
72,1132,37973
72,1140,599533
72,1148,529078
72,1148,925343
72,18,1071512
72,181,462263
72,183,612214
72,183,830977
72,183,941484
72,192,1041678
72,192,1503230
72,214,750423
72,226,303920
72,242,522578
72,262,822660
72,29,1096782
72,29,384018
72,29,422510
72,291,949132
72,363,1619802
72,372,435641
72,372,869188
72,372,942422
72,383,718525
72,426,1227484
72,435,236778
72,490,1270736
72,490,1460808
72,490,258013
72,490,308702
72,490,311092
72,490,376383
72,490,581136
72,490,652629
72,490,679408
72,490,79428
72,490,982307
72,499,657241
72,505,712084
72,508,1167157
72,508,1500030
72,508,159533
72,508,558038
72,508,607823
72,508,829506
72,55,1202036
72,565,1343006
72,583,1085395
72,583,1324726
72,597,1313773
72,597,362065
72,607,720791
72,634,1134483
72,634,802988
72,65,1526429
72,692,600179
72,692,811140
72,764,1258727
72,805,1373808
72,837,1432424
72,842,1317371
72,842,140335
72,886,1529126
72,886,279958
72,908,628791
72,921,167390
72,934,1589053
72,992,136588
73,291,153717
73,478,167920
73,529,1235924
74,1021,226238
74,59,509290
75,1077,661925
75,108,123790
75,108,560779
75,11,826857
75,1104,914767
75,1109,475996
75,1109,974910
75,124,599744
75,126,1411707
75,126,935822
75,173,195549
75,187,1312759
75,187,1621763
75,187,236538
75,198,1312213
75,210,363232
75,234,499501
75,234,594049
75,234,62528
75,234,691844
75,234,915394
75,261,616943
75,290,1250936
75,300,1609377
75,364,686438
75,372,1002114
75,372,1510135
75,372,478857
75,372,685725
75,372,768015
75,372,774324
75,378,1009962
75,378,1071949
75,385,1032825
75,392,1252607
75,413,498227
75,433,365865
75,435,476633
75,435,477294
75,435,823186
75,503,1022323
75,503,1060494
75,503,1444332
75,503,175777
75,503,227424
75,503,525998
75,503,703365
75,526,1434548
75,560,397201
75,573,1029670
75,573,44639
75,589,1469220
75,625,461448
75,661,705608
75,729,1613193
75,74,53244
75,80,1380731
75,80,348246
75,805,1345644
75,805,861134
75,807,1559971
75,813,737852
75,813,782036
75,832,1027697
75,832,1050743
75,832,1077065
75,832,1206676
75,832,1237856
75,832,1305498
75,832,1412959
75,832,274032
75,832,380128
75,832,435551
75,832,448717
75,832,45620
75,832,501227
75,832,740462
75,832,928752
75,878,191301
75,89,1330576
75,924,865616
75,934,733329
75,994,402899
76,1021,1083511
76,1021,348677
76,1021,646727
76,1021,967152
76,1032,486423
76,1047,1420944
76,105,1047848
76,1052,306143
76,1055,1231092
76,1069,1625211
76,1100,1021359
76,1104,1499731
76,1104,1510634
76,1104,280037
76,1104,291249
76,1104,347124
76,1104,378711
76,1104,903626
76,172,441284
76,172,453764
76,172,914899
76,175,1197715
76,175,1513698
76,175,1604013
76,175,289795
76,175,317874
76,175,364247
76,175,444307
76,175,447799
76,175,601200
76,175,906881
76,177,986209
76,199,1248642
76,199,1399245
76,199,1454838
76,199,1581436
76,199,318526
76,199,394946
76,199,49879
76,199,801106
76,199,864757
76,234,1185560
76,234,1357210
76,234,138182
76,234,317094
76,234,54360
76,234,635858
76,234,680743
76,260,280827
76,260,374503
76,260,593387
76,27,79376
76,29,1469464
76,29,213089
76,291,107993
76,291,671169
76,291,694047
76,291,995655
76,299,1170501
76,310,930818
76,318,40517
76,327,263631
76,333,1392310
76,333,258298
76,333,31952
76,333,535678
76,333,678807
76,333,735471
76,354,356435
76,354,532344
76,364,1011804
76,364,1137468
76,364,1183517
76,364,1482838
76,364,178066
76,364,249959
76,364,488522
76,364,495969
76,364,601307
76,364,915311
76,364,915904
76,371,1418181
76,371,709443
76,371,92753
76,380,829728
76,434,1346317
76,434,872632
76,44,1269196
76,458,1552316
76,460,186740
76,461,128903
76,517,1209235
76,517,1244922
76,517,1489835
76,517,154741
76,517,381236
76,517,391268
76,517,412583
76,517,471909
76,517,575299
76,517,668292
76,517,837251
76,517,947147
76,527,1140186
76,527,929122
76,532,122479
76,540,1131915
76,540,1452038
76,540,359468
76,540,94051
76,551,1401004
76,559,1056640
76,559,1078983
76,559,1309875
76,561,246186
76,59,1507201
76,59,421495
76,639,1253568
76,653,1128568
76,653,807282
76,676,203920
76,686,268647
76,698,313951
76,704,1616462
76,712,1202851
76,729,1176822
76,729,1240766
76,729,130297
76,729,1376106
76,729,1588634
76,729,343298
76,729,524511
76,729,902866
76,729,920179
76,765,1147173
76,765,1285936
76,765,445896
76,837,1050716
76,851,656919
76,857,1140291
76,857,1173556
76,857,1205527
76,857,1235787
76,857,149660
76,857,347740
76,857,355559
76,857,526216
76,913,331050
76,918,1177129
76,935,1467207
76,935,562529
76,935,754322
76,935,833243
76,940,1350086
76,952,1498672
76,954,621545
76,959,1582697
76,964,35166
76,969,405013
76,969,620291
76,971,294472
77,102,1266598
77,102,940725
77,1020,1546634
77,1021,1429992
77,1021,188236
77,1021,281984
77,1021,37834
77,1021,494954
77,1021,845255
77,1032,373299
77,1033,610069
77,1050,1259590
77,1050,621401
77,1054,1002456
77,1067,1395451
77,1071,60699
77,108,717870
77,11,206002
77,1104,1103075
77,1104,1295551
77,1104,48935
77,1109,1148493
77,1109,679361
77,1116,1037060
77,1116,1160766
77,1116,1259949
77,1116,1312038
77,1116,133943
77,1116,289576
77,1116,484204
77,1116,975837
77,1131,1121248
77,1131,412625
77,1135,67734
77,1144,525990
77,147,112329
77,155,1021625
77,155,1177364
77,155,1252434
77,155,1455030
77,155,1513253
77,155,1570824
77,155,165051
77,155,25900
77,155,962677
77,176,1537923
77,176,622329
77,182,852221
77,20,1200879
77,20,1242537
77,20,1296567
77,20,1403789
77,20,1523046
77,20,200224
77,20,36313
77,20,45275
77,20,615914
77,20,675972
77,20,959399
77,20,968927
77,206,1358811
77,234,32683
77,234,589998
77,234,72317
77,234,845036
77,239,934609
77,24,253017
77,242,604180
77,242,688436
77,248,597435
77,260,1154554
77,260,1339769
77,260,872894
77,262,1421818
77,262,1498935
77,262,449705
77,278,1194742
77,278,194795
77,287,727357
77,29,519356
77,310,1253983
77,310,1386448
77,310,1390239
77,310,1576789
77,310,202108
77,310,4875
77,310,536810
77,310,682134
77,315,448222
77,321,1283542
77,321,1518554
77,321,287449
77,321,574550
77,332,117047
77,332,1318728
77,332,353598
77,332,385557
77,332,909767
77,333,555883
77,360,251522
77,360,718848
77,363,1233157
77,363,486316
77,363,489507
77,363,506669
77,363,725342
77,364,1463345
77,364,688212
77,37,619599
77,372,820527
77,380,379726
77,380,94460
77,391,1078218
77,391,297965
77,391,62325
77,391,788490
77,4,1540464
77,411,1026387
77,411,228871
77,411,758187
77,411,982875
77,424,44009
77,435,1596595
77,461,1034669
77,461,1590053
77,466,1368952
77,466,1386721
77,466,545917
77,473,201782
77,48,577304
77,482,833741
77,486,1198932
77,486,142665
77,503,383875
77,504,1586493
77,504,926243
77,513,1123168
77,517,839218
77,521,1152660
77,521,1245809
77,521,1381967
77,521,216097
77,521,385902
77,521,428355
77,521,50363
77,521,827561
77,522,856469
77,532,1196887
77,532,426421
77,532,797078
77,566,553425
77,572,713919
77,579,189409
77,581,1280033
77,587,1068652
77,588,1481335
77,588,38082
77,597,1379604
77,597,192577
77,597,368357
77,597,611549
77,597,956980
77,599,548696
77,612,654799
77,612,950635
77,619,874830
77,633,1472245
77,641,1143319
77,646,233312
77,647,407343
77,653,1347262
77,653,1501420
77,664,1169722
77,680,143094
77,680,334159
77,69,1024316
77,69,1417845
77,69,608291
77,703,259951
77,729,1002646
77,729,1131292
77,729,1215169
77,729,1519429
77,729,1577951
77,729,543074
77,729,636428
77,729,749068
77,729,87999
77,729,970719
77,745,1010010
77,753,388904
77,763,1049363
77,763,1050896
77,763,1294950
77,763,1350406
77,763,1579662
77,765,1172524
77,765,205426
77,765,325690
77,765,943523
77,765,962409
77,770,1242494
77,770,1499265
77,770,1506277
77,770,1603102
77,770,190817
77,770,732196
77,770,924676
77,772,603222
77,798,257151
77,807,1258188
77,807,1496416
77,807,479963
77,807,656742
77,807,858099
77,812,260704
77,812,326419
77,814,1536895
77,82,851714
77,836,1299658
77,837,1063584
77,837,1608485
77,842,129480
77,842,971752
77,871,1592022
77,873,317341
77,934,1192402
77,939,1294660
77,944,75542
77,945,1211813
77,945,432470
77,954,1042707
77,954,1058828
77,954,1152197
77,954,129649
77,954,139204
77,954,1500300
77,954,249625
77,954,292372
77,954,412234
77,954,448258
77,954,573205
77,954,69551
77,954,876394
77,954,993912
77,96,1534738
77,962,857557
77,975,1611343
77,975,841403
77,980,1554977
77,984,433469
77,984,528412
77,996,603898
78,1021,755747
78,1032,1263461
78,1032,1411148
78,1032,537678
78,1033,1246774
78,1033,1510131
78,1033,314404
78,1033,471259
78,1033,651612
78,1033,749090
78,1033,770621
78,1070,750775
78,108,694461
78,1083,1000495
78,1091,778657
78,1104,1271185
78,1116,1013240
78,227,455707
78,234,1312966
78,234,1610695
78,260,271377
78,27,1201412
78,27,1336694
78,310,1035733
78,310,1290188
78,310,707629
78,350,1304040
78,364,1256869
78,378,959366
78,383,1444489
78,388,428281
78,435,107302
78,435,1200482
78,435,1215844
78,435,1365887
78,435,1453877
78,435,1537511
78,435,1562455
78,435,432468
78,435,485624
78,435,556039
78,503,1561243
78,516,653856
78,517,164742
78,517,465393
78,517,474270
78,517,630497
78,517,792652
78,517,852060
78,586,1154010
78,586,1256734
78,586,723470
78,586,937932
78,595,240055
78,597,1389040
78,597,764447
78,633,552960
78,634,399889
78,634,902674
78,716,417381
78,729,117850
78,729,122760
78,729,227731
78,729,58761
78,729,676878
78,729,71260
78,729,729941
78,729,739935
78,729,743935
78,729,780000
78,765,1050905
78,765,1479079
78,765,1485168
78,765,707950
78,802,1345826
78,834,1489833
78,835,1505935
78,844,1308531
78,857,1458320
78,857,1516324
78,857,409125
78,857,829374
78,865,750708
78,877,1351270
78,899,1326486
78,899,42018
78,899,690562
78,927,68764
78,972,974661
78,978,448637
78,997,1215951
79,1021,912151
79,1040,79690
79,1069,1164685
79,1081,810615
79,1104,531980
79,177,1067908
79,184,480189
79,227,821697
79,234,533766
79,291,1247775
79,291,1332809
79,291,775206
79,291,815215
79,354,1166490
79,458,1028882
79,458,311669
79,510,1307330
79,510,893362
79,517,215520
79,540,1264818
79,597,1532848
79,639,138872
79,686,592239
79,708,1045661
79,778,1219419
79,831,1151991
79,837,744326
79,857,108906
79,857,1328178
79,857,1461786
79,857,1466853
79,857,1477634
79,857,1584230
79,857,1593563
79,857,201156
79,857,239916
79,857,36553
79,857,595927
79,857,639311
79,857,801582
79,857,817911
79,918,1514052
79,935,1196739
79,935,1568908
79,935,1597039
79,935,630777
79,935,765001
79,940,662326
79,963,494975
79,969,1098444
8,1021,466504
8,1021,712777
8,1021,793554
8,1045,1337955
8,1087,214051
8,1105,782274
8,152,276604
8,19,360686
8,19,417744
8,192,1013841
8,192,11195
8,192,446151
8,192,527695
8,192,755087
8,230,322539
8,24,807084
8,252,1301762
8,278,1464309
8,285,853530
8,29,54122
8,310,187410
8,324,66306
8,354,187330
8,355,1022769
8,363,1010606
8,363,1192792
8,404,1625011
8,459,638941
8,468,67670
8,486,258431
8,49,387062
8,510,1259317
8,510,602583
8,510,735902
8,510,812735
8,517,554466
8,532,606757
8,54,1600794
8,588,1361837
8,597,1372229
8,597,1467375
8,597,758306
8,69,1359483
8,69,890880
8,729,1235026
8,763,691467
8,763,746317
8,765,205264
8,770,1349758
8,770,1361040
8,770,939887
8,787,26580
8,795,1059291
8,837,686687
8,841,1134549
8,841,445150
8,842,314567
8,907,495441
8,910,1319381
8,921,1147634
8,924,1374148
8,924,1378718
8,924,145658
8,924,1555505
8,924,682320
8,924,703343
8,934,1454881
8,954,65636
8,954,745094
8,98,4841
80,954,783311
81,1032,792506
81,58,616400
81,588,260973
81,651,713894
81,729,1319437
81,788,1492827
81,806,999382
81,857,533585
82,100,647529
82,1023,273240
82,1041,1047222
82,1041,1294161
82,1041,208576
82,1051,448718
82,1055,627906
82,1124,257999
82,1128,1344414
82,115,68863
82,135,1180978
82,144,144176
82,144,1624929
82,148,490817
82,165,781617
82,188,1469852
82,192,1598813
82,2,933434
82,214,29988
82,214,675737
82,225,200020
82,23,477214
82,24,913597
82,260,1175963
82,286,426589
82,291,861624
82,293,534966
82,303,203852
82,363,496925
82,371,787651
82,372,280785
82,380,1101071
82,380,366558
82,380,734897
82,381,665008
82,387,597757
82,439,1064946
82,440,1173117
82,440,1438849
82,442,585137
82,446,14952
82,477,1019297
82,480,1531424
82,497,1342745
82,517,1073186
82,517,1158253
82,517,1326127
82,517,144862
82,517,3127
82,517,418883
82,517,473595
82,517,889208
82,535,1203654
82,546,596470
82,556,73597
82,581,1591051
82,588,78924
82,595,726296
82,616,486139
82,627,422477
82,654,873829
82,657,691260
82,658,1272278
82,681,533711
82,682,795937
82,684,1437883
82,689,1053082
82,702,1530106
82,702,16745
82,702,515044
82,704,1528729
82,721,591368
82,729,1126009
82,729,428185
82,729,440126
82,729,560478
82,729,800887
82,729,820964
82,729,933995
82,732,1610197
82,756,926675
82,775,984953
82,776,326755
82,776,344662
82,776,473586
82,776,482929
82,781,1335306
82,832,1210218
82,832,661008
82,837,720801
82,857,1161069
82,857,1604596
82,857,1612787
82,857,93798
82,872,585776
82,874,1130265
82,896,573524
82,903,674986
82,903,722817
82,924,1185532
82,924,1499441
82,924,1604072
82,924,220042
82,930,1272038
82,945,1314140
82,956,1303203
82,956,1437793
82,956,1598402
82,970,596455
83,1109,180945
83,1109,755609
83,1116,1533821
83,192,653269
83,370,1296777
83,410,769840
83,443,1233812
83,508,682097
83,886,1105300
83,886,1139427
83,886,1323116
83,886,397109
83,886,440411
83,886,442045
83,886,586849
83,886,602948
83,886,736990
83,886,983620
83,921,204436
84,1002,1249813
84,1021,116734
84,1021,588024
84,1032,89314
84,1033,1044829
84,1033,1187122
84,1033,1238928
84,1033,1257697
84,1033,1296382
84,1033,1390188
84,1033,1623574
84,1033,265440
84,1033,432245
84,1033,700191
84,108,1071666
84,108,480097
84,1086,1206794
84,109,166109
84,11,480216
84,1102,1067569
84,1104,183896
84,1104,604185
84,1111,994561
84,1113,779886
84,1116,1101367
84,1119,108386
84,1129,551397
84,1139,21764
84,118,1617462
84,118,332259
84,125,1601964
84,138,1016741
84,138,1104594
84,138,1174602
84,138,252627
84,138,275261
84,138,308909
84,138,369347
84,138,445405
84,149,1556267
84,149,356318
84,149,385947
84,149,446403
84,149,629785
84,149,672261
84,149,872643
84,149,93283
84,149,989184
84,153,1162624
84,165,424232
84,166,1505182
84,171,240036
84,175,247656
84,190,1164276
84,194,403876
84,194,443706
84,203,1555908
84,203,1567619
84,208,1275321
84,218,570987
84,228,191263
84,228,839785
84,232,1186894
84,234,1461198
84,242,354022
84,242,909504
84,246,750339
84,25,1296155
84,25,178979
84,25,21682
84,25,525695
84,25,541808
84,25,621684
84,25,826457
84,250,919089
84,250,937048
84,262,1466302
84,271,1423885
84,273,1241914
84,288,565363
84,29,208310
84,29,7227
84,296,768840
84,304,1553734
84,304,930430
84,305,1586550
84,305,728870
84,312,399861
84,325,924364
84,326,959697
84,339,1024334
84,351,1014153
84,356,1521249
84,361,1575704
84,372,645089
84,406,482630
84,407,868204
84,416,1018640
84,416,604672
84,419,1050302
84,419,1273194
84,419,1424578
84,419,143122
84,419,15026
84,419,317955
84,419,460181
84,435,1135279
84,435,1152513
84,435,1385559
84,435,465415
84,435,586106
84,435,742019
84,435,821162
84,435,828396
84,442,311801
84,448,1069425
84,448,1085562
84,448,1116272
84,448,1219682
84,448,143648
84,448,144540
84,448,312564
84,448,544134
84,477,977216
84,483,858059
84,491,1000113
84,491,1097389
84,491,1606393
84,491,4390
84,491,808917
84,491,931109
84,494,1098463
84,494,1188467
84,494,1267896
84,494,1296073
84,494,403113
84,494,553380
84,494,906855
84,494,934793
84,494,985070
84,498,1079231
84,498,1396865
84,498,713980
84,498,784603
84,503,102567
84,503,412147
84,503,58497
84,508,1220190
84,508,1572832
84,508,172926
84,508,210902
84,508,53322
84,508,753837
84,517,1408936
84,517,242552
84,524,675952
84,552,1172235
84,569,418024
84,571,1131428
84,588,1358380
84,588,1475909
84,588,1547179
84,588,217027
84,588,354063
84,588,390825
84,588,832325
84,588,993580
84,59,1470410
84,597,118428
84,597,301233
84,597,364203
84,597,367026
84,597,744982
84,598,1045830
84,614,832396
84,618,543661
84,634,1510690
84,634,371004
84,634,502865
84,634,505865
84,634,606394
84,634,634400
84,679,269332
84,7,1185263
84,714,1382515
84,726,676338
84,728,1593255
84,729,588335
84,729,886820
84,73,535246
84,765,1134990
84,804,1017109
84,804,1017871
84,804,1285424
84,804,1434247
84,804,1550782
84,804,209481
84,804,81867
84,805,101371
84,805,1126388
84,805,1251392
84,805,1527008
84,805,243798
84,805,315924
84,805,417444
84,805,438607
84,805,58612
84,805,840298
84,805,968228
84,806,1094218
84,806,12009
84,806,1307718
84,806,217704
84,806,574096
84,814,1020306
84,830,1193503
84,832,521154
84,837,1486002
84,837,829124
84,837,89636
84,847,431473
84,848,658078
84,86,944554
84,86,981431
84,864,1504950
84,864,168669
84,864,76299
84,865,481243
84,865,606814
84,873,532053
84,881,608304
84,921,1233252
84,921,1478322
84,921,1519743
84,921,320220
84,921,460136
84,921,953769
84,924,1017146
84,924,1349130
84,924,1544333
84,924,382854
84,924,804404
84,924,850556
84,934,201893
84,934,741855
84,934,786722
84,934,92395
84,934,987503
84,958,162820
84,958,524277
84,958,756101
84,958,983588
84,960,214666
84,960,381307
84,973,807552
85,234,1103483
85,364,1009974
85,372,1313236
85,534,205919
85,711,995392
85,729,121876
85,90,1181148
86,1005,376596
86,1008,1222330
86,1025,196234
86,224,938166
86,344,107069
86,372,244059
86,776,1304149
86,832,1051249
86,832,1329896
86,832,312880
86,842,1359223
86,910,36856
86,924,54135
86,924,61226
86,931,337425
86,963,64071
87,108,1386808
87,130,1194282
87,156,329982
87,19,1356859
87,19,404033
87,19,481342
87,192,1160202
87,192,1274612
87,192,756143
87,211,1539591
87,211,1597916
87,211,681505
87,216,135733
87,219,945519
87,230,148599
87,388,308690
87,404,1523632
87,408,246991
87,408,640048
87,435,478625
87,459,704513
87,510,1307481
87,510,30058
87,510,839375
87,510,89392
87,517,810514
87,563,1240254
87,578,219415
87,593,844731
87,611,983362
87,617,1134703
87,67,730245
87,702,1220629
87,727,775346
87,729,80061
87,770,621147
87,770,644750
87,770,715116
87,795,820162
87,808,128151
87,814,1381195
87,816,1355725
87,816,1500151
87,821,1313265
87,821,709032
87,837,395379
87,857,1549351
87,857,88134
87,866,539419
87,924,120432
87,924,285408
87,924,452784
87,924,468289
87,924,844754
87,934,348460
87,954,132552
87,954,1390919
87,954,31266
87,963,31229
88,510,942300
89,1024,747684
89,310,520474
89,399,1344412
89,511,10066
89,511,1157218
89,517,743497
89,729,1492441
89,729,242241
9,1052,1194123
9,1052,272308
9,1052,464770
9,1071,782981
9,1104,1575358
9,128,20002
9,128,304012
9,128,366954
9,128,698512
9,128,808797
9,128,90176
9,128,910090
9,128,959608
9,165,1470865
9,165,299951
9,165,553583
9,264,112755
9,264,1418858
9,264,1501763
9,264,1615220
9,312,1604772
9,363,1351814
9,363,200263
9,363,37696
9,363,939437
9,364,1141683
9,371,673060
9,402,46259
9,409,1218954
9,409,793516
9,438,259305
9,438,604115
9,538,240412
9,580,1069787
9,588,1115556
9,588,675303
9,627,969496
9,657,315347
9,677,271276
9,677,646895
9,677,768522
9,701,1432756
9,701,1528232
9,701,23825
9,701,498971
9,701,840055
9,707,1333948
9,729,1005241
9,729,1080804
9,729,1343939
9,729,1373258
9,729,1508799
9,729,1520789
9,729,449736
9,729,513307
9,729,574582
9,729,723759
9,729,860994
9,729,972256
9,765,811993
9,83,1238931
9,83,844158
9,832,300743
9,832,336578
9,832,379672
9,832,44307
9,832,540550
9,832,668601
9,832,945805
9,832,961184
90,102,889816
90,203,1554698
90,228,834907
90,346,1584708
90,394,1587872
90,510,800557
90,58,608899
90,588,27944
90,651,869406
90,729,1068280
90,729,1342824
90,788,700893
90,806,881973
90,857,540679
90,991,730630
91,234,1230477
91,331,198133
91,331,289809
91,331,425544
91,331,818489
91,372,114524
91,372,1171924
91,372,13993
91,372,1499743
91,375,109378
91,375,1176691
91,375,1594882
91,375,304433
91,375,330532
91,375,70771
91,481,1403995
91,496,1066985
91,496,1112306
91,496,612577
91,496,88854
91,503,852394
91,521,250259
91,554,1391352
91,554,555635
91,554,696415
91,554,935681
91,588,1029448
91,588,1356222
91,588,1595392
91,588,564277
91,588,625639
91,66,278834
91,66,964936
91,713,613137
91,713,724409
91,832,342943
91,832,416369
91,832,569187
91,832,715558
91,832,734483
91,832,905456
91,832,906633
91,893,823393
91,934,553163
91,955,1027233
91,955,1345722
91,955,218440
91,955,220554
91,955,318678
91,955,436329
91,955,441933
91,955,767257
92,234,315394
92,883,1530797
93,1004,912697
93,1021,1061635
93,1021,1139359
93,1021,359891
93,1032,1215316
93,1032,345715
93,1032,726572
93,1032,964497
93,1033,358132
93,1047,395804
93,108,343134
93,1116,127623
93,1130,1568343
93,136,195804
93,155,1287404
93,155,593753
93,155,836492
93,155,867398
93,20,1295764
93,20,278213
93,20,312643
93,20,381809
93,234,1611566
93,242,569988
93,25,721818
93,260,722571
93,263,165964
93,285,539528
93,310,1450306
93,321,943061
93,334,543380
93,363,800954
93,364,385276
93,383,1185508
93,383,1621952
93,411,1284026
93,435,1503738
93,435,475997
93,44,1105389
93,451,253730
93,47,604186
93,511,664965
93,513,740895
93,517,83372
93,540,1039572
93,577,168108
93,59,927594
93,668,60742
93,742,625837
93,772,1523808
93,842,1037668
93,85,689738
93,93,941624
93,934,1331069
93,934,334864
93,946,222627
93,949,1333317
93,954,1121891
93,954,1235129
93,954,1454002
93,954,49382
93,954,724000
93,954,895465
93,954,963573
93,963,247664
93,963,624526
93,963,9576
94,1046,284951
94,1087,791871
94,1104,1096145
94,1104,1528201
94,139,1307091
94,139,818395
94,139,901194
94,141,1354319
94,172,1060718
94,172,438919
94,175,105391
94,175,1322502
94,175,201140
94,175,526105
94,175,976010
94,234,1541208
94,234,850349
94,25,1269333
94,25,1331198
94,25,789761
94,25,815433
94,260,896776
94,310,649561
94,34,963509
94,354,1242107
94,354,1446563
94,354,316831
94,354,344364
94,354,808439
94,362,1069914
94,363,1152569
94,363,1429415
94,363,1530254
94,363,1598419
94,363,173642
94,363,205456
94,363,207794
94,363,536785
94,363,605119
94,363,669511
94,363,7548
94,363,877769
94,363,882650
94,364,520061
94,371,154172
94,380,96969
94,420,128588
94,420,1371307
94,420,1465059
94,479,1370385
94,486,1241031
94,486,1263329
94,486,1447855
94,486,1463722
94,486,31935
94,486,84938
94,486,99739
94,517,1513936
94,517,157013
94,517,321693
94,517,359392
94,517,391069
94,517,530541
94,517,867669
94,517,903386
94,517,98571
94,540,741574
94,581,1430387
94,59,500425
94,597,1339680
94,597,1595699
94,597,1613729
94,597,39746
94,597,453707
94,597,50384
94,597,554695
94,597,951863
94,597,975333
94,653,1614813
94,653,992949
94,664,1104469
94,664,293661
94,664,622973
94,680,28324
94,680,327746
94,680,896960
94,680,908951
94,729,1260621
94,729,1419307
94,729,1465202
94,729,285335
94,729,292112
94,756,537449
94,770,475884
94,770,507516
94,770,74917
94,772,1508928
94,772,355382
94,772,579208
94,772,60126
94,772,831792
94,772,909850
94,772,980886
94,822,274996
94,822,97622
94,857,1448099
94,857,146862
94,857,419506
94,857,485959
94,857,782415
94,857,882773
94,94,1063967
94,94,118952
94,94,801693
94,954,1121049
94,954,359160
94,954,768957
94,954,938494
95,910,1074524
96,1056,876678
96,24,1561492
96,330,351253
96,393,622172
96,477,1284116
96,502,1423616
96,510,1078081
96,510,290745
96,768,614333
96,832,1175811
97,1032,912133
97,1033,99381
97,1041,40543
97,1049,619825
97,1053,1380829
97,1053,770085
97,106,1467322
97,1104,1426873
97,1104,1461663
97,1109,1110302
97,1109,1201778
97,1109,221316
97,1116,1070079
97,1116,271190
97,1116,753425
97,12,1083177
97,12,1450904
97,139,559542
97,145,703397
97,156,1466590
97,156,1559279
97,156,1573473
97,156,471118
97,156,590096
97,178,568108
97,192,1275922
97,192,184181
97,197,974544
97,201,498185
97,203,1382262
97,203,985725
97,214,1239242
97,214,1470675
97,214,273750
97,214,580569
97,214,629612
97,214,766457
97,214,919046
97,24,1145406
97,24,864468
97,240,139590
97,240,489089
97,240,718618
97,247,1516288
97,262,881676
97,268,579392
97,289,339142
97,29,668678
97,328,374070
97,329,250313
97,372,233373
97,380,1144326
97,380,1269725
97,380,1429679
97,380,350210
97,383,305866
97,396,548116
97,407,1424529
97,417,799031
97,417,943573
97,422,612823
97,43,1069204
97,435,1083063
97,435,689096
97,435,910085
97,435,921284
97,452,418554
97,455,400670
97,490,1323199
97,490,34331
97,490,921518
97,503,1166965
97,503,641565
97,508,1243083
97,510,1401331
97,510,905247
97,532,972243
97,553,694350
97,558,959693
97,582,1420318
97,588,249009
97,588,26428
97,588,602722
97,593,1455653
97,597,1389392
97,621,395817
97,634,589304
97,641,850782
97,641,876167
97,659,1250350
97,660,1140668
97,682,1579294
97,693,337069
97,706,1183426
97,729,135686
97,729,1435416
97,729,178591
97,765,264465
97,772,692820
97,776,1247003
97,776,1486705
97,805,1254026
97,805,132550
97,805,252220
97,805,336241
97,805,926154
97,807,1467067
97,817,61934
97,826,836022
97,837,105622
97,837,435665
97,837,964230
97,842,190396
97,857,1165398
97,857,398707
97,857,454793
97,870,1255631
97,875,836391
97,88,108084
97,886,1289712
97,920,490380
97,921,1461787
97,924,1034088
97,924,1185004
97,924,218233
97,924,479174
97,924,654925
97,924,740894
97,924,779377
97,934,1027767
97,934,1533581
97,968,295485
97,977,126521
97,983,693363
98,126,179938
98,290,954527
98,383,144788
98,503,725690
98,767,982848
98,832,1307863
98,898,129210
